102 1019 425 1151 859 1 53.0 N/A 
103 1017 426 1159 861 1 61.0 N/A 
104 1018 426 1157 869 1 64.8 N/A 
105 1018 421 1158 878 1 68.6 N/A 
106 1028 447 1144 837 1 61.9 N/A 
107 1014 425 1158 877 1 62.2 N/A 
108 1020 447 1139 848 1 64.8 N/A 
109 1002 417 1157 886 1 68.9 N/A 
110 1003 417 1158 889 1 78.9 N/A 
111 995 417 1159 891 1 85.6 N/A 
112 990 414 1155 892 1 84.6 N/A 
113 992 415 1153 892 1 89.1 N/A 
114 994 416 1147 893 1 78.5 N/A 
115 992 414 1148 896 1 78.2 N/A 
116 989 408 1147 895 1 78.0 N/A 
117 985 398 1146 908 1 85.3 N/A 
118 980 401 1144 903 1 86.4 N/A 
119 977 401 1135 910 1 93.4 N/A 
120 974 407 1127 910 1 88.8 N/A 
121 976 408 1125 916 1 93.8 N/A 
122 970 412 1125 909 1 95.2 N/A 
123 969 414 1127 915 1 92.8 N/A 
124 965 419 1126 911 1 91.8 N/A 
125 963 417 1126 917 1 94.8 N/A 
126 958 413 1124 931 1 95.9 N/A 
127 955 412 1125 927 1 95.9 N/A 
128 952 406 1126 924 1 98.2 N/A 
129 950 403 1126 932 1 97.6 N/A 
130 948 401 1127 928 1 98.4 N/A 
131 945 401 1124 931 1 98.5 N/A 
132 945 401 1122 935 1 98.5 N/A 
133 944 400 1123 944 1 98.5 N/A 
134 938 401 1125 962 1 97.9 N/A 
135 937 399 1127 979 1 97.8 N/A 
136 935 399 1130 986 1 98.5 N/A 
137 935 399 1131 988 1 98.6 N/A 
138 936 401 1129 988 1 98.9 N/A 
139 932 400 1130 990 1 99.3 N/A 
140 931 401 1132 987 1 99.3 N/A 
141 930 403 1133 990 1 99.1 N/A 
142 930 404 1135 992 1 99.0 N/A 
143 931 401 1136 1001 1 99.4 N/A 
144 929 397 1133 1020 1 98.0 N/A 
145 927 397 1128 1021 1 97.1 N/A 
146 927 399 1126 1013 1 96.0 N/A 
147 925 399 1127 1006 1 97.0 N/A 
148 923 403 1126 1001 1 97.1 N/A 
149 922 401 1128 1009 1 97.7 N/A 
150 922 402 1126 1008 1 95.6 N/A 
151 919 404 1127 1005 1 95.3 N/A 
152 919 408 1123 1009 1 93.5 N/A 
153 920 433 1124 1007 1 92.8 N/A 
154 916 430 1123 1012 1 93.2 N/A 
155 916 434 1121 1009 1 92.9 N/A 
155 939 530 1106 770 2 57.0 N/A 
156 911 407 1115 1038 1 90.9 N/A 
157 910 403 1112 1039 1 94.7 N/A 
158 910 406 1111 1018 1 97.0 N/A 
159 903 406 1114 1024 1 98.2 N/A 
160 895 407 1115 1028 1 99.1 N/A 
161 893 422 1112 992 1 99.1 N/A 
162 892 428 1107 962 1 98.9 N/A 
163 891 430 1101 951 1 98.8 N/A 
164 890 423 1103 965 1 99.0 N/A 
165 887 410 1108 1002 1 99.0 N/A 
166 883 405 1113 1024 1 99.1 N/A 
167 875 414 1121 1026 1 99.6 N/A 
168 876 416 1119 1028 1 99.5 N/A 
169 878 422 1120 1031 1 99.5 N/A 
170 876 400 1132 1079 1 99.9 N/A 
171 884 421 1129 1039 1 99.7 N/A 
172 888 432 1127 1004 1 99.7 N/A 
173 891 435 1130 1006 1 99.0 N/A 
174 896 428 1132 1012 1 99.1 N/A 
174 910 478 1112 978 2 50.5 N/A 
175 889 421 1141 1032 1 99.7 N/A 
176 891 419 1142 1040 1 99.7 N/A 
177 891 417 1147 1052 1 99.7 N/A 
178 889 419 1148 1058 1 99.8 N/A 
179 892 420 1144 1051 1 99.7 N/A 
180 890 414 1144 1055 1 99.8 N/A 
181 886 409 1147 1070 1 99.8 N/A 
182 887 405 1145 1065 1 99.9 N/A 
182 910 526 1116 912 2 64.9 N/A 
183 888 409 1145 1053 1 99.8 N/A 
183 911 532 1113 894 2 68.4 N/A 
184 883 402 1149 1067 1 99.9 N/A 
184 911 537 1112 886 2 79.1 N/A 
185 879 398 1156 1073 1 100.0 N/A 
185 911 543 1114 875 2 84.5 N/A 
186 881 396 1155 1085 1 100.0 N/A 
186 911 552 1109 877 2 90.8 N/A 
187 881 406 1147 1083 1 99.9 N/A 
187 908 554 1105 880 2 82.3 N/A 
188 879 398 1148 1077 1 99.9 N/A 
188 910 549 1108 877 2 81.1 N/A 
189 880 397 1150 1073 1 100.0 N/A 
189 913 562 1107 872 2 94.0 N/A 
190 874 403 1152 1080 1 100.0 N/A 
190 912 561 1109 877 2 95.4 N/A 
191 873 413 1147 1078 1 100.0 N/A 
191 907 563 1108 880 2 85.4 N/A 
192 870 415 1144 1077 1 100.0 N/A 
192 904 560 1112 890 2 77.9 N/A 
193 870 413 1146 1080 1 100.0 N/A 
193 902 560 1114 893 2 75.8 N/A 
194 865 407 1150 1082 1 99.9 N/A 
194 899 558 1122 895 2 80.9 N/A 
195 864 416 1151 1074 1 99.9 N/A 
195 896 561 1126 895 2 83.4 N/A 
196 867 418 1151 1071 1 99.9 N/A 
196 895 554 1128 901 2 78.6 N/A 
197 865 424 1153 1071 1 99.9 N/A 
197 893 551 1130 899 2 73.5 N/A 
198 865 418 1155 1069 1 99.9 N/A 
198 893 552 1134 903 2 67.7 N/A 
199 868 416 1155 1069 1 99.9 N/A 
199 895 555 1130 896 2 77.0 N/A 
200 873 415 1155 1066 1 99.9 N/A 
200 898 557 1130 900 2 77.8 N/A 
201 877 407 1157 1066 1 99.9 N/A 
201 896 552 1132 904 2 59.2 N/A 
202 883 393 1165 1080 1 99.9 N/A 
202 899 555 1140 914 2 53.9 N/A 
203 884 400 1168 1078 1 100.0 N/A 
203 902 556 1144 916 2 60.3 N/A 
204 889 405 1170 1071 1 99.9 N/A 
204 901 512 1152 967 2 67.1 N/A 
205 892 400 1171 1076 1 99.9 N/A 
205 910 551 1151 921 2 62.7 N/A 
206 899 407 1171 1076 1 100.0 N/A 
206 918 552 1149 920 2 71.9 N/A 
207 898 405 1179 1088 1 100.0 N/A 
207 912 509 1158 1005 2 70.0 N/A 
208 896 398 1185 1101 1 100.0 N/A 
208 917 525 1164 999 2 90.3 N/A 
209 906 392 1188 1097 1 100.0 N/A 
209 925 519 1173 1000 2 89.1 N/A 
210 911 395 1193 1098 1 99.9 N/A 
210 929 521 1173 996 2 93.4 N/A 
211 915 395 1200 1102 1 99.9 N/A 
211 931 516 1176 993 2 94.1 N/A 
212 911 396 1205 1099 1 99.9 N/A 
212 930 514 1182 992 2 92.8 N/A 
213 909 384 1207 1109 1 99.9 N/A 
213 929 523 1182 988 2 95.9 N/A 
214 905 381 1209 1112 1 99.9 N/A 
214 922 517 1187 990 2 91.9 N/A 
215 906 385 1208 1108 1 99.9 N/A 
215 922 512 1187 994 2 88.8 N/A 
216 906 387 1209 1103 1 99.9 N/A 
216 930 537 1190 978 2 84.3 N/A 
217 907 381 1208 1101 1 99.9 N/A 
217 929 533 1191 984 2 85.3 N/A 
218 907 378 1207 1103 1 99.9 N/A 
218 923 513 1187 998 2 85.3 N/A 
219 907 376 1207 1108 1 99.9 N/A 
219 925 517 1185 993 2 88.7 N/A 
220 906 371 1206 1113 1 99.9 N/A 
220 925 520 1184 991 2 91.7 N/A 
221 905 368 1207 1118 1 99.9 N/A 
221 924 525 1184 991 2 93.8 N/A 
222 905 368 1206 1121 1 99.9 N/A 
222 923 528 1186 994 2 95.0 N/A 
223 905 367 1207 1128 1 99.9 N/A 
223 923 532 1186 992 2 95.9 N/A 
224 908 372 1205 1125 1 99.9 N/A 
224 924 538 1185 990 2 97.9 N/A 
225 910 376 1205 1126 1 99.9 N/A 
225 926 537 1184 995 2 98.0 N/A 
226 908 374 1206 1123 1 99.9 N/A 
226 926 539 1183 991 2 98.4 N/A 
227 907 371 1207 1121 1 99.9 N/A 
227 925 537 1184 993 2 98.1 N/A 
228 907 371 1205 1121 1 99.9 N/A 
228 924 537 1184 995 2 97.8 N/A 
229 909 369 1204 1121 1 100.0 N/A 
229 926 532 1182 999 2 96.6 N/A 
230 909 369 1203 1124 1 99.9 N/A 
230 927 528 1182 1000 2 96.0 N/A 
231 910 372 1202 1121 1 99.9 N/A 
231 928 531 1181 1000 2 96.4 N/A 
232 910 371 1202 1125 1 99.9 N/A 
232 928 531 1181 1001 2 96.8 N/A 
233 910 371 1202 1124 1 99.9 N/A 
233 927 534 1182 1000 2 97.6 N/A 
234 910 372 1201 1122 1 99.9 N/A 
234 927 534 1182 1000 2 97.9 N/A 
235 909 372 1201 1120 1 99.9 N/A 
235 926 535 1183 1001 2 97.8 N/A 
236 910 368 1201 1122 1 99.9 N/A 
236 924 538 1184 1000 2 97.9 N/A 
237 910 368 1201 1122 1 99.9 N/A 
237 924 541 1184 999 2 98.2 N/A 
238 908 366 1202 1123 1 99.9 N/A 
238 923 539 1185 997 2 98.0 N/A 
239 908 363 1202 1127 1 99.9 N/A 
239 923 540 1184 997 2 98.1 N/A 
240 906 361 1202 1131 1 100.0 N/A 
240 923 541 1184 997 2 98.2 N/A 
241 906 362 1202 1132 1 100.0 N/A 
241 923 539 1184 998 2 98.0 N/A 
242 906 361 1203 1133 1 100.0 N/A 
242 922 536 1185 1000 2 97.8 N/A 
243 906 360 1203 1132 1 100.0 N/A 
243 921 536 1185 1000 2 97.6 N/A 
244 905 361 1203 1132 1 100.0 N/A 
244 921 538 1185 998 2 97.7 N/A 
245 905 361 1203 1132 1 100.0 N/A 
245 921 537 1185 998 2 97.9 N/A 
246 905 362 1203 1132 1 100.0 N/A 
246 921 536 1185 998 2 97.9 N/A 
247 905 363 1203 1131 1 100.0 N/A 
247 921 536 1186 999 2 98.0 N/A 
248 906 362 1204 1131 1 100.0 N/A 
248 923 539 1186 999 2 98.0 N/A 
249 905 362 1204 1132 1 100.0 N/A 
249 922 541 1185 999 2 98.1 N/A 
250 905 363 1204 1132 1 100.0 N/A 
250 922 542 1185 998 2 98.2 N/A 
251 905 362 1204 1133 1 100.0 N/A 
251 922 542 1185 999 2 98.2 N/A 
252 906 362 1203 1133 1 100.0 N/A 
252 922 542 1185 998 2 98.1 N/A 
253 906 361 1203 1133 1 100.0 N/A 
253 922 543 1185 999 2 98.3 N/A 
254 906 362 1203 1134 1 100.0 N/A 
254 922 540 1185 1000 2 98.1 N/A 
255 905 360 1204 1136 1 100.0 N/A 
255 922 540 1186 999 2 98.1 N/A 
256 904 361 1204 1135 1 100.0 N/A 
256 921 541 1186 999 2 98.3 N/A 
257 904 360 1204 1136 1 100.0 N/A 
257 920 541 1186 999 2 98.6 N/A 
258 905 361 1204 1134 1 100.0 N/A 
258 922 543 1186 997 2 98.7 N/A 
259 906 362 1203 1132 1 100.0 N/A 
259 922 542 1185 996 2 98.7 N/A 
260 906 361 1203 1132 1 100.0 N/A 
260 922 543 1186 997 2 98.7 N/A 
261 906 360 1202 1133 1 100.0 N/A 
261 922 539 1186 997 2 98.4 N/A 
262 906 361 1202 1132 1 100.0 N/A 
262 922 538 1186 997 2 98.4 N/A 
263 907 360 1202 1132 1 100.0 N/A 
263 922 538 1186 997 2 98.1 N/A 
264 907 359 1202 1134 1 100.0 N/A 
264 923 541 1185 997 2 98.1 N/A 
265 906 359 1203 1134 1 100.0 N/A 
265 922 543 1185 996 2 98.3 N/A 
266 907 359 1203 1134 1 100.0 N/A 
266 923 545 1185 996 2 98.2 N/A 
267 906 358 1203 1135 1 100.0 N/A 
267 923 546 1185 997 2 98.3 N/A 
268 906 359 1204 1135 1 100.0 N/A 
268 923 548 1185 997 2 98.6 N/A 
269 906 360 1203 1135 1 100.0 N/A 
269 924 548 1185 997 2 98.5 N/A 
270 906 362 1203 1133 1 100.0 N/A 
270 924 549 1185 997 2 98.4 N/A 
271 908 366 1202 1130 1 100.0 N/A 
271 926 551 1185 998 2 98.5 N/A 
272 908 367 1202 1130 1 100.0 N/A 
272 927 558 1184 997 2 98.7 N/A 
273 907 367 1203 1130 1 100.0 N/A 
273 925 559 1184 995 2 99.0 N/A 
274 906 366 1204 1131 1 100.0 N/A 
274 924 560 1184 996 2 99.0 N/A 
275 905 367 1204 1132 1 100.0 N/A 
275 923 558 1184 997 2 99.1 N/A 
276 906 367 1204 1133 1 100.0 N/A 
276 924 558 1183 996 2 99.1 N/A 
277 907 368 1203 1132 1 100.0 N/A 
277 924 555 1183 998 2 98.7 N/A 
278 906 373 1203 1126 1 100.0 N/A 
278 923 555 1185 996 2 98.8 N/A 
279 900 375 1206 1122 1 100.0 N/A 
279 922 551 1184 996 2 99.0 N/A 
280 896 376 1208 1124 1 100.0 N/A 
280 918 561 1184 995 2 99.6 N/A 
281 886 384 1209 1118 1 100.0 N/A 
281 911 561 1185 989 2 99.6 N/A 
282 882 375 1209 1120 1 100.0 N/A 
282 909 568 1180 992 2 99.6 N/A 
283 878 380 1209 1118 1 100.0 N/A 
283 905 573 1177 988 2 99.8 N/A 
284 882 382 1199 1125 1 100.0 N/A 
284 903 567 1172 994 2 99.4 N/A 
285 877 386 1193 1114 1 100.0 N/A 
285 898 582 1164 996 2 99.5 N/A 
286 877 385 1189 1126 1 100.0 N/A 
286 894 584 1160 1001 2 99.6 N/A 
287 872 396 1186 1115 1 100.0 N/A 
287 885 590 1154 999 2 99.8 N/A 
288 860 395 1188 1106 1 100.0 N/A 
288 873 593 1156 1009 2 99.9 N/A 
289 858 396 1176 1110 1 99.8 N/A 
289 863 591 1146 1010 2 99.9 N/A 
290 777 417 1188 1075 1 99.5 N/A 
290 850 593 1142 1006 2 99.9 N/A 
291 785 417 1171 1076 1 98.1 N/A 
291 846 603 1133 1012 2 99.9 N/A 
292 767 418 1179 1079 1 99.2 N/A 
292 833 599 1128 1016 2 99.9 N/A 
293 764 419 1165 1078 1 98.6 N/A 
293 814 592 1119 1034 2 99.2 N/A 
294 790 392 1088 1120 1 98.0 N/A 
294 807 599 1093 1042 2 94.8 N/A 
295 774 384 1082 1130 1 99.7 N/A 
295 792 591 1078 1036 2 97.1 N/A 
296 765 374 1075 1139 1 99.8 N/A 
296 771 591 1073 1046 2 98.3 N/A 
297 746 375 1056 1140 1 99.8 N/A 
297 745 589 1046 1042 2 93.5 N/A 
298 744 367 1038 1126 1 99.3 N/A 
298 733 590 1035 1044 2 86.7 N/A 
299 715 375 1037 1106 1 88.5 N/A 
299 712 585 1015 1038 2 65.9 N/A 
300 635 396 1081 1078 1 81.6 N/A 
300 681 591 1004 1035 2 56.4 N/A 
300 779 398 922 492 4 75.0 N/A 
301 591 403 1020 1077 1 83.9 N/A 
301 676 589 989 1029 2 99.0 N/A 
301 765 390 907 491 4 82.7 N/A 
302 585 394 1000 1076 1 97.8 N/A 
302 668 585 980 1029 2 100.0 N/A 
302 753 388 894 488 4 70.6 N/A 
303 564 385 987 1077 1 98.9 N/A 
303 661 587 955 1028 2 100.0 N/A 
303 739 388 881 491 4 72.3 N/A 
304 540 382 963 1077 1 99.5 N/A 
304 646 585 943 1029 2 100.0 N/A 
304 725 386 872 492 4 78.5 N/A 
305 529 384 946 1077 1 98.8 N/A 
305 634 584 931 1036 2 100.0 N/A 
305 702 393 848 494 4 85.6 N/A 
306 524 393 925 1070 1 96.9 N/A 
306 620 581 918 1038 2 100.0 N/A 
306 681 389 839 493 4 89.3 N/A 
307 498 391 902 1071 1 98.4 N/A 
307 605 576 904 1044 2 100.0 N/A 
307 673 387 831 496 4 90.6 N/A 
308 477 389 884 1071 1 98.6 N/A 
308 587 581 887 1047 2 100.0 N/A 
308 653 388 810 498 4 89.8 N/A 
309 464 394 875 1074 1 98.2 N/A 
309 572 592 876 1069 2 100.0 N/A 
309 637 396 790 505 4 78.7 N/A 
310 454 403 860 1075 1 96.5 N/A 
310 547 596 862 1084 2 100.0 N/A 
310 622 399 781 510 4 55.9 N/A 
311 443 407 844 1075 1 93.1 N/A 
311 525 604 845 1087 2 99.5 N/A 
312 474 442 819 1099 1 98.1 N/A 
312 513 608 837 1085 2 86.0 N/A 
312 573 412 724 529 4 50.7 N/A 
313 453 467 812 1092 1 99.6 N/A 
313 461 607 830 1079 2 84.5 N/A 
313 545 407 718 529 4 82.2 N/A 
314 442 529 785 1077 1 99.3 N/A 
314 435 611 786 1074 2 55.4 N/A 
314 525 400 716 526 4 85.9 N/A 
315 437 612 750 1084 1 93.4 N/A 
315 501 392 709 522 4 73.4 N/A 
316 349 380 719 1086 1 80.0 N/A 
316 401 600 729 1077 2 50.5 N/A 
317 346 375 701 1084 1 70.8 N/A 
317 389 594 717 1070 2 98.8 N/A 
317 457 392 648 507 4 81.9 N/A 
318 327 372 690 1078 1 83.8 N/A 
318 370 598 709 1076 2 99.8 N/A 
318 434 380 627 499 4 81.3 N/A 
319 300 367 671 1074 1 93.5 N/A 
319 343 609 707 1071 2 100.0 N/A 
320 289 374 651 1072 1 98.2 N/A 
320 316 616 690 1072 2 100.0 N/A 
321 263 373 620 1072 1 98.6 N/A 
321 292 612 653 1073 2 100.0 N/A 
322 231 372 599 1072 1 99.2 N/A 
322 277 598 631 1074 2 100.0 N/A 
323 201 373 583 1070 1 99.4 N/A 
323 247 606 606 1081 2 100.0 N/A 
324 186 374 568 1071 1 99.5 N/A 
324 213 613 588 1080 2 96.8 N/A 
325 164 381 548 1068 1 99.0 N/A 
325 187 620 571 1074 2 88.0 N/A 
326 105 366 513 1079 1 99.6 N/A 
326 152 622 529 1074 2 63.4 N/A 
327 67 368 475 1086 1 91.6 N/A 
327 94 644 488 1080 2 86.6 N/A 
328 40 384 439 1070 1 97.9 N/A 
328 75 654 466 1080 2 100.0 N/A 
329 9 389 416 1070 1 99.4 N/A 
329 44 650 434 1081 2 100.0 N/A 
330 -4 391 392 1068 1 97.2 N/A 
330 3 660 390 1075 2 100.0 N/A 
331 -4 369 357 1096 1 96.0 N/A 
331 -8 655 356 1072 2 100.0 N/A 
332 -7 382 337 1078 1 91.8 N/A 
332 -3 647 324 1073 2 99.9 N/A 
333 -10 381 321 1079 1 67.2 N/A 
333 0 642 299 1072 2 98.9 N/A 
334 3 623 270 1086 2 75.0 N/A 
337 -13 324 207 1149 1 56.0 N/A 
338 -7 333 175 1164 1 87.8 N/A 
339 6 306 134 1163 1 64.7 N/A 
570 868 496 919 572 4 56.9 N/A 
571 866 493 919 571 4 68.2 N/A 
572 1021 428 1087 850 1 55.2 N/A 
572 867 493 917 570 4 60.5 N/A 
573 1017 428 1089 851 1 51.1 N/A 
573 867 495 917 571 4 57.8 N/A 
574 1015 428 1090 854 1 51.0 N/A 
574 864 492 917 569 4 54.4 N/A 
575 1010 429 1091 864 1 55.2 N/A 
575 868 452 913 506 4 53.0 N/A 
576 979 416 1080 902 1 61.1 N/A 
576 857 487 913 565 4 51.6 N/A 
576 863 449 913 506 4 50.6 N/A 
577 976 413 1078 900 1 55.2 N/A 
577 854 490 911 566 4 61.3 N/A 
577 859 450 910 506 4 59.1 N/A 
578 976 414 1080 912 1 50.9 N/A 
578 848 488 910 566 4 65.4 N/A 
578 855 448 909 505 4 50.5 N/A 
579 844 489 905 565 4 69.3 N/A 
579 851 447 905 504 4 54.7 N/A 
580 867 401 1011 954 1 52.2 N/A 
580 842 488 903 568 4 76.9 N/A 
580 848 447 900 503 4 57.9 N/A 
581 862 397 1014 961 1 52.6 N/A 
581 1025 550 1105 706 2 55.0 N/A 
581 834 492 896 569 4 73.9 N/A 
581 844 447 896 503 4 60.1 N/A 
582 1025 548 1107 705 2 57.2 N/A 
582 833 495 896 571 4 80.9 N/A 
582 842 450 896 505 4 63.0 N/A 
583 1021 548 1107 710 2 64.6 N/A 
583 831 494 896 573 4 80.1 N/A 
583 842 451 895 504 4 52.2 N/A 
584 1020 543 1107 716 2 66.9 N/A 
584 829 495 895 576 4 87.9 N/A 
584 839 453 893 504 4 57.7 N/A 
585 1017 423 1109 877 1 59.4 N/A 
585 854 390 1004 971 1 54.3 N/A 
585 1023 539 1108 717 2 73.1 N/A 
585 825 493 895 582 4 89.0 N/A 
585 835 452 889 503 4 54.7 N/A 
586 846 390 1008 977 1 62.7 N/A 
586 1014 425 1108 887 1 57.0 N/A 
586 1020 538 1109 719 2 70.0 N/A 
586 822 494 893 586 4 84.0 N/A 
586 831 455 886 503 4 53.2 N/A 
587 979 398 1096 939 1 58.1 N/A 
587 842 391 999 969 1 52.2 N/A 
587 1021 534 1110 718 2 63.2 N/A 
587 817 491 887 579 4 60.6 N/A 
588 981 389 1098 963 1 59.5 N/A 
588 1025 535 1116 725 2 63.5 N/A 
588 814 486 883 576 4 51.7 N/A 
589 971 394 1092 959 1 60.9 N/A 
589 1020 534 1113 728 2 57.8 N/A 
589 808 483 879 576 4 50.6 N/A 
590 964 397 1092 961 1 62.1 N/A 
590 1015 534 1107 728 2 61.4 N/A 
591 965 389 1093 973 1 60.5 N/A 
591 1016 533 1105 730 2 52.6 N/A 
592 963 386 1092 984 1 57.9 N/A 
592 1017 535 1105 728 2 62.1 N/A 
593 954 386 1094 988 1 64.5 N/A 
593 1013 534 1103 734 2 56.9 N/A 
594 942 393 1099 989 1 83.7 N/A 
594 1001 535 1097 738 2 54.0 N/A 
595 943 398 1099 987 1 85.8 N/A 
595 992 539 1099 746 2 57.7 N/A 
596 943 395 1099 992 1 88.8 N/A 
596 990 545 1094 744 2 51.7 N/A 
597 933 396 1101 1005 1 88.0 N/A 
597 788 475 868 586 4 61.0 N/A 
598 932 398 1093 1002 1 83.9 N/A 
598 787 479 869 590 4 77.0 N/A 
599 926 400 1092 1003 1 80.0 N/A 
599 785 478 870 590 4 84.5 N/A 
600 918 400 1093 1012 1 81.8 N/A 
600 784 481 867 590 4 60.0 N/A 
601 913 401 1094 1015 1 80.4 N/A 
601 782 485 868 594 4 53.8 N/A 
602 910 394 1097 1023 1 85.7 N/A 
603 906 401 1101 1027 1 90.5 N/A 
604 902 390 1099 1037 1 90.1 N/A 
605 901 386 1096 1037 1 86.1 N/A 
606 906 391 1094 1022 1 86.6 N/A 
607 903 386 1094 1029 1 86.0 N/A 
608 905 385 1096 1036 1 90.9 N/A 
609 902 384 1096 1041 1 88.8 N/A 
610 904 381 1090 1045 1 89.7 N/A 
611 906 382 1090 1056 1 88.7 N/A 
611 774 475 863 589 4 59.7 N/A 
612 904 382 1091 1062 1 81.0 N/A 
612 770 478 860 592 4 69.3 N/A 
613 904 387 1094 1050 1 88.0 N/A 
613 718 406 899 1055 1 51.9 N/A 
613 766 478 856 592 4 70.9 N/A 
614 906 394 1093 1043 1 80.5 N/A 
614 715 407 897 1058 1 64.9 N/A 
614 768 479 856 593 4 70.7 N/A 
615 911 395 1092 1037 1 76.5 N/A 
615 713 409 903 1061 1 60.0 N/A 
616 697 423 909 1058 1 75.6 N/A 
616 913 394 1103 1040 1 70.8 N/A 
617 918 407 1111 1033 1 86.8 N/A 
617 692 421 909 1059 1 86.6 N/A 
618 922 414 1115 1028 1 95.4 N/A 
618 686 416 913 1062 1 91.1 N/A 
619 918 402 1118 1046 1 94.1 N/A 
619 685 420 905 1053 1 89.9 N/A 
620 925 401 1124 1051 1 93.8 N/A 
620 680 423 902 1058 1 90.9 N/A 
621 928 398 1130 1056 1 96.2 N/A 
621 667 415 895 1065 1 91.9 N/A 
622 936 403 1134 1047 1 96.9 N/A 
622 669 414 890 1063 1 90.4 N/A 
622 948 521 1103 847 2 59.2 N/A 
623 935 394 1148 1053 1 96.8 N/A 
623 653 413 895 1062 1 89.9 N/A 
624 934 385 1153 1067 1 97.7 N/A 
624 655 416 895 1056 1 91.8 N/A 
625 936 384 1163 1075 1 98.9 N/A 
625 646 416 896 1064 1 94.5 N/A 
626 929 383 1173 1075 1 98.7 N/A 
626 639 418 893 1065 1 95.7 N/A 
627 936 385 1170 1064 1 98.5 N/A 
627 634 414 903 1074 1 96.6 N/A 
628 946 394 1177 1031 1 98.1 N/A 
628 633 412 901 1070 1 96.6 N/A 
629 631 409 906 1079 1 97.3 N/A 
629 944 435 1180 964 1 96.9 N/A 
629 946 471 1156 956 2 55.0 N/A 
629 1013 409 1117 467 4 51.0 N/A 
630 950 440 1178 939 1 98.0 N/A 
630 625 408 910 1081 1 97.0 N/A 
630 952 486 1157 945 2 53.7 N/A 
631 624 411 902 1080 1 96.6 N/A 
631 946 463 1184 930 1 91.9 N/A 
631 947 480 1169 956 2 50.6 N/A 
632 618 413 898 1080 1 95.5 N/A 
632 946 455 1188 955 1 94.1 N/A 
633 620 418 902 1079 1 96.2 N/A 
633 941 473 1192 941 1 82.5 N/A 
634 623 419 908 1076 1 94.8 N/A 
634 948 501 1189 915 1 56.9 N/A 
635 632 420 913 1076 1 92.7 N/A 
635 947 500 1192 934 1 60.2 N/A 
636 650 430 916 1065 1 87.9 N/A 
636 939 487 1197 965 1 73.4 N/A 
637 934 470 1207 987 1 80.5 N/A 
637 661 424 919 1062 1 67.6 N/A 
637 953 535 1187 889 2 60.9 N/A 
638 934 467 1213 982 1 69.9 N/A 
638 668 426 917 1064 1 57.6 N/A 
638 949 533 1190 890 2 61.8 N/A 
639 934 474 1215 976 1 60.8 N/A 
639 670 430 921 1059 1 56.6 N/A 
639 949 538 1192 886 2 70.9 N/A 
640 942 472 1212 969 1 54.5 N/A 
640 955 540 1194 883 2 68.9 N/A 
641 941 458 1211 968 1 58.0 N/A 
641 960 539 1193 882 2 64.8 N/A 
642 969 543 1192 872 2 71.4 N/A 
643 966 539 1194 875 2 70.3 N/A 
644 962 534 1201 880 2 62.7 N/A 
645 970 532 1205 884 2 57.9 N/A 
646 973 533 1205 888 2 69.7 N/A 
647 971 530 1211 901 2 67.9 N/A 
647 1023 395 1149 470 4 53.1 N/A 
648 979 541 1209 885 2 67.3 N/A 
648 1026 394 1153 470 4 64.5 N/A 
649 973 542 1215 887 2 63.8 N/A 
649 1027 396 1154 469 4 63.8 N/A 
650 667 420 910 1046 1 52.9 N/A 
650 974 544 1218 887 2 51.1 N/A 
650 1032 394 1160 467 4 60.4 N/A 
651 661 418 920 1046 1 62.2 N/A 
651 978 433 1254 991 1 59.7 N/A 
651 1039 398 1167 467 4 58.7 N/A 
652 986 447 1256 984 1 70.7 N/A 
652 663 423 925 1037 1 57.8 N/A 
652 1040 399 1168 469 4 53.2 N/A 
653 981 446 1266 988 1 72.8 N/A 
653 656 428 922 1035 1 60.3 N/A 
653 1042 395 1173 468 4 61.3 N/A 
654 986 444 1268 994 1 87.3 N/A 
654 657 425 925 1037 1 64.3 N/A 
654 1045 395 1176 468 4 62.2 N/A 
655 989 444 1270 987 1 92.8 N/A 
655 657 418 927 1044 1 68.1 N/A 
655 1049 396 1175 468 4 57.3 N/A 
656 992 446 1273 964 1 95.7 N/A 
656 647 412 936 1047 1 79.6 N/A 
656 1047 393 1179 467 4 65.2 N/A 
657 997 459 1272 937 1 96.0 N/A 
657 643 414 933 1048 1 83.9 N/A 
657 1051 391 1188 466 4 59.6 N/A 
658 996 458 1274 955 1 97.0 N/A 
658 645 416 940 1062 1 84.9 N/A 
658 1055 391 1191 466 4 54.8 N/A 
659 993 440 1275 981 1 95.6 N/A 
659 641 419 938 1059 1 88.4 N/A 
660 994 432 1280 996 1 95.9 N/A 
660 640 419 938 1064 1 85.1 N/A 
660 1053 388 1191 465 4 53.9 N/A 
661 997 431 1283 999 1 97.8 N/A 
661 633 413 940 1075 1 90.2 N/A 
661 1053 388 1189 464 4 58.5 N/A 
662 1001 430 1282 997 1 97.3 N/A 
662 635 412 942 1074 1 83.7 N/A 
662 1057 388 1190 463 4 60.1 N/A 
663 1001 431 1282 1002 1 95.9 N/A 
663 635 409 940 1073 1 82.2 N/A 
663 1062 390 1189 461 4 59.9 N/A 
664 1003 432 1283 1002 1 94.3 N/A 
664 635 411 941 1069 1 77.1 N/A 
664 1064 392 1190 463 4 52.0 N/A 
665 1003 430 1284 1002 1 94.2 N/A 
665 633 407 943 1073 1 76.1 N/A 
666 1003 434 1284 998 1 91.3 N/A 
666 632 412 944 1069 1 77.4 N/A 
667 1003 437 1284 996 1 91.9 N/A 
667 631 412 945 1065 1 75.9 N/A 
667 1063 392 1193 464 4 53.3 N/A 
668 1003 438 1284 988 1 94.1 N/A 
668 632 412 947 1063 1 73.9 N/A 
669 1003 435 1285 995 1 94.2 N/A 
669 635 411 946 1058 1 72.9 N/A 
670 1004 434 1286 995 1 94.6 N/A 
670 634 413 949 1058 1 75.4 N/A 
671 1005 433 1286 996 1 95.0 N/A 
671 637 408 951 1062 1 76.0 N/A 
672 1005 432 1287 1001 1 96.5 N/A 
672 637 403 949 1072 1 72.5 N/A 
673 1005 433 1287 1001 1 96.3 N/A 
673 643 398 947 1081 1 68.7 N/A 
674 1005 433 1286 999 1 96.7 N/A 
674 648 395 949 1085 1 64.6 N/A 
675 1004 434 1286 998 1 97.2 N/A 
675 651 395 943 1084 1 61.8 N/A 
676 1004 435 1287 1004 1 97.3 N/A 
676 649 403 939 1083 1 65.2 N/A 
677 1004 436 1287 1006 1 97.2 N/A 
677 648 407 946 1080 1 65.7 N/A 
677 1059 393 1197 465 4 51.0 N/A 
678 1004 436 1287 1007 1 97.4 N/A 
678 651 411 944 1074 1 63.4 N/A 
679 1004 437 1285 1005 1 96.4 N/A 
679 652 409 944 1069 1 57.3 N/A 
679 1059 394 1196 466 4 54.0 N/A 
680 1004 435 1285 1009 1 96.5 N/A 
680 1024 553 1254 867 1 85.5 N/A 
680 649 413 945 1064 1 52.4 N/A 
681 1003 433 1285 1013 1 96.8 N/A 
681 1024 554 1254 866 1 86.0 N/A 
681 645 412 945 1062 1 53.6 N/A 
681 1061 395 1195 467 4 50.8 N/A 
682 1003 435 1285 1010 1 96.7 N/A 
682 1024 555 1254 865 1 87.8 N/A 
682 648 414 946 1063 1 54.5 N/A 
682 1060 395 1195 467 4 53.9 N/A 
683 1003 437 1283 1007 1 95.3 N/A 
683 1024 556 1253 865 1 86.9 N/A 
683 648 411 941 1065 1 56.8 N/A 
683 1060 396 1195 468 4 51.0 N/A 
684 1003 435 1284 1010 1 96.2 N/A 
684 1024 557 1253 865 1 87.7 N/A 
684 647 411 943 1066 1 58.0 N/A 
685 1003 433 1284 1014 1 96.2 N/A 
685 1025 557 1252 864 1 88.1 N/A 
685 647 412 941 1065 1 55.9 N/A 
686 1003 433 1282 1014 1 95.6 N/A 
686 1023 558 1251 864 1 86.0 N/A 
686 648 410 942 1069 1 56.8 N/A 
687 1003 431 1282 1016 1 96.3 N/A 
687 1023 559 1251 863 1 85.8 N/A 
687 650 408 945 1074 1 53.8 N/A 
688 1000 431 1281 1018 1 95.5 N/A 
688 1020 558 1250 866 1 85.9 N/A 
688 647 406 945 1077 1 56.9 N/A 
689 998 430 1280 1020 1 96.7 N/A 
689 1017 560 1251 868 1 89.3 N/A 
689 648 404 947 1080 1 52.2 N/A 
690 996 431 1279 1018 1 96.8 N/A 
690 1014 560 1251 869 1 89.4 N/A 
690 647 403 946 1086 1 58.5 N/A 
691 994 431 1278 1018 1 96.4 N/A 
691 1012 560 1251 870 1 89.7 N/A 
691 652 401 947 1087 1 59.0 N/A 
691 1058 394 1192 466 4 51.3 N/A 
692 993 433 1278 1014 1 95.8 N/A 
692 1010 561 1250 869 1 88.6 N/A 
692 651 398 948 1089 1 62.9 N/A 
692 1055 393 1192 466 4 50.7 N/A 
693 991 435 1278 1007 1 93.1 N/A 
693 654 396 949 1091 1 66.0 N/A 
693 1054 391 1191 466 4 55.7 N/A 
694 990 434 1278 1006 1 91.1 N/A 
694 652 392 943 1099 1 71.9 N/A 
694 1054 392 1191 465 4 54.4 N/A 
695 990 433 1277 1008 1 91.2 N/A 
695 655 398 943 1086 1 69.7 N/A 
695 1055 392 1191 465 4 54.8 N/A 
696 989 434 1277 1009 1 88.6 N/A 
696 660 406 944 1078 1 59.5 N/A 
696 1055 391 1191 464 4 51.4 N/A 
697 987 434 1278 1010 1 88.5 N/A 
697 660 410 944 1074 1 53.5 N/A 
697 1054 391 1191 465 4 52.8 N/A 
698 985 433 1279 1012 1 87.5 N/A 
698 1007 562 1250 876 1 80.0 N/A 
698 656 409 944 1081 1 55.1 N/A 
698 1056 392 1191 466 4 51.6 N/A 
699 987 431 1278 1016 1 87.5 N/A 
699 1009 562 1251 875 1 77.6 N/A 
699 652 408 950 1084 1 53.8 N/A 
699 1058 394 1192 466 4 51.3 N/A 
700 989 429 1279 1023 1 92.9 N/A 
700 1008 563 1253 874 1 78.4 N/A 
700 649 409 945 1079 1 61.4 N/A 
701 987 426 1280 1029 1 93.0 N/A 
701 1006 564 1254 876 1 75.6 N/A 
701 652 407 941 1079 1 61.3 N/A 
702 984 418 1283 1043 1 92.3 N/A 
702 1004 563 1254 884 1 82.1 N/A 
702 652 401 936 1085 1 63.7 N/A 
703 985 412 1288 1052 1 95.6 N/A 
703 1006 565 1258 883 1 89.2 N/A 
703 645 404 937 1083 1 65.8 N/A 
704 988 413 1288 1053 1 96.7 N/A 
704 1008 566 1259 883 1 90.2 N/A 
704 639 408 938 1079 1 66.0 N/A 
705 988 413 1287 1050 1 98.9 N/A 
705 1006 566 1259 888 1 92.7 N/A 
705 640 407 935 1079 1 69.8 N/A 
706 989 409 1282 1046 1 98.8 N/A 
706 1008 568 1258 889 1 91.3 N/A 
706 638 406 944 1078 1 69.9 N/A 
707 993 390 1292 1076 1 99.5 N/A 
707 1016 575 1262 890 1 93.6 N/A 
707 632 401 950 1080 1 70.8 N/A 
708 999 383 1294 1081 1 99.8 N/A 
708 1023 574 1262 893 1 95.0 N/A 
708 635 404 951 1071 1 69.7 N/A 
708 1063 393 1199 480 4 50.8 N/A 
709 1002 378 1305 1086 1 99.8 N/A 
709 1029 579 1271 900 1 97.3 N/A 
709 638 411 956 1068 1 58.8 N/A 
709 1029 579 1271 900 2 53.2 N/A 
710 1007 363 1303 1111 1 99.9 N/A 
710 1028 581 1276 909 1 98.1 N/A 
710 640 421 957 1068 1 53.0 N/A 
710 1028 581 1276 909 2 51.3 N/A 
710 1071 398 1208 481 4 54.6 N/A 
711 1014 363 1309 1105 1 99.9 N/A 
711 1034 578 1279 912 1 98.5 N/A 
711 1077 395 1219 479 4 53.8 N/A 
712 1023 378 1312 1090 1 99.9 N/A 
712 1041 582 1286 917 1 97.6 N/A 
713 1032 380 1315 1086 1 99.9 N/A 
713 1057 582 1290 922 1 95.3 N/A 
713 1057 582 1290 922 2 52.2 N/A 
714 1041 376 1328 1080 1 99.9 N/A 
714 1060 574 1307 933 1 97.3 N/A 
715 1043 384 1346 1086 1 99.9 N/A 
715 1067 565 1319 942 1 53.6 N/A 
716 1055 376 1356 1090 1 99.6 N/A 
717 1069 374 1363 1085 1 98.2 N/A 
717 703 412 1003 1090 1 52.5 N/A 
717 1086 599 1340 946 2 60.2 N/A 
718 687 548 1004 1082 1 78.1 N/A 
718 1068 384 1383 1058 1 63.6 N/A 
718 1105 569 1372 964 2 69.0 N/A 
719 687 522 1015 1095 1 78.5 N/A 
719 1108 578 1378 963 2 97.7 N/A 
720 688 496 1017 1102 1 77.6 N/A 
720 1098 390 1424 1047 1 71.4 N/A 
720 1125 572 1391 963 2 99.7 N/A 
721 1106 382 1439 1057 1 96.0 N/A 
721 710 415 1026 1078 1 56.5 N/A 
721 1129 575 1407 958 2 99.8 N/A 
722 1125 383 1453 1057 1 99.2 N/A 
722 696 393 1084 1065 1 71.2 N/A 
722 1152 568 1418 956 2 99.2 N/A 
722 1218 379 1378 483 4 50.2 N/A 
723 1136 377 1465 1055 1 99.4 N/A 
723 695 395 1090 1067 1 84.3 N/A 
723 1160 567 1432 962 2 99.1 N/A 
723 1228 377 1391 485 4 60.3 N/A 
724 1154 366 1482 1071 1 99.1 N/A 
724 709 402 1100 1067 1 83.7 N/A 
724 1168 579 1447 978 2 99.7 N/A 
724 1234 372 1404 487 4 66.0 N/A 
725 1164 352 1488 1077 1 98.7 N/A 
725 714 408 1108 1069 1 86.1 N/A 
725 1191 574 1456 988 2 99.6 N/A 
725 1251 367 1429 466 4 72.1 N/A 
726 709 411 1124 1067 1 97.1 N/A 
726 1167 348 1497 1075 1 94.5 N/A 
726 1200 589 1471 992 2 99.9 N/A 
726 1265 366 1446 463 4 80.5 N/A 
727 723 416 1134 1067 1 97.3 N/A 
727 1152 379 1503 1064 1 77.0 N/A 
727 1205 581 1478 995 2 100.0 N/A 
727 1275 365 1455 461 4 84.5 N/A 
728 741 417 1126 1066 1 85.0 N/A 
728 1171 374 1520 1061 1 82.6 N/A 
728 1216 579 1496 1004 2 100.0 N/A 
728 1280 365 1468 461 4 69.4 N/A 
729 1175 374 1531 1057 1 91.1 N/A 
729 750 417 1118 1068 1 77.6 N/A 
729 1226 585 1511 1017 2 100.0 N/A 
729 1284 364 1481 478 4 50.9 N/A 
730 1182 370 1549 1055 1 92.4 N/A 
730 743 420 1124 1069 1 74.2 N/A 
730 1229 585 1528 1028 2 100.0 N/A 
730 1298 370 1492 479 4 70.0 N/A 
731 1207 355 1575 1065 1 79.1 N/A 
731 745 413 1133 1072 1 61.0 N/A 
731 1238 596 1538 1029 2 99.5 N/A 
731 1308 371 1509 484 4 75.9 N/A 
732 1245 601 1557 1035 1 98.0 N/A 
732 814 406 1150 1088 1 58.2 N/A 
732 1243 603 1547 1043 2 75.3 N/A 
733 1263 556 1582 1048 1 97.9 N/A 
733 766 401 1163 1064 1 69.4 N/A 
733 1264 602 1569 1046 2 58.0 N/A 
734 1283 605 1584 1060 1 99.0 N/A 
734 784 396 1182 1066 1 83.3 N/A 
734 1283 605 1584 1060 2 57.3 N/A 
734 1340 389 1535 515 4 55.1 N/A 
735 1294 551 1626 1057 1 99.0 N/A 
735 793 390 1190 1063 1 83.5 N/A 
735 1307 608 1623 1061 2 75.1 N/A 
735 1336 387 1548 518 4 57.8 N/A 
736 1278 370 1661 1072 1 97.1 N/A 
736 785 393 1208 1067 1 88.6 N/A 
736 1311 609 1629 1076 2 76.7 N/A 
737 1290 365 1673 1072 1 98.5 N/A 
737 820 391 1171 1099 1 90.3 N/A 
737 1317 622 1650 1074 2 90.7 N/A 
738 1308 365 1691 1074 1 99.2 N/A 
738 837 363 1175 1120 1 91.2 N/A 
738 1331 618 1660 1065 2 97.7 N/A 
738 1407 369 1633 501 4 64.3 N/A 
739 1334 360 1708 1074 1 99.3 N/A 
739 852 354 1174 1122 1 94.0 N/A 
739 1346 614 1672 1064 2 99.8 N/A 
739 1421 366 1648 498 4 73.9 N/A 
740 1352 357 1718 1078 1 98.8 N/A 
740 870 358 1186 1122 1 90.8 N/A 
740 1363 605 1684 1083 2 100.0 N/A 
740 1434 362 1666 496 4 52.8 N/A 
741 1369 352 1752 1077 1 99.5 N/A 
741 868 367 1193 1092 1 79.4 N/A 
741 1382 598 1715 1068 2 100.0 N/A 
742 1399 341 1778 1078 1 98.5 N/A 
742 853 377 1242 1069 1 86.4 N/A 
742 1407 596 1742 1064 2 100.0 N/A 
743 1429 331 1806 1080 1 99.3 N/A 
743 857 368 1243 1071 1 94.2 N/A 
743 1447 617 1781 1081 2 100.0 N/A 
743 398 856 1043 1084 2 57.6 N/A 
744 1450 326 1826 1080 1 99.4 N/A 
744 849 377 1256 1074 1 94.3 N/A 
744 1472 603 1793 1081 2 100.0 N/A 
744 392 869 1054 1084 2 89.1 N/A 
744 934 439 1189 821 2 59.2 N/A 
745 1466 327 1835 1078 1 98.3 N/A 
745 854 379 1280 1071 1 97.2 N/A 
745 1484 592 1798 1071 2 99.8 N/A 
745 388 880 1059 1082 2 91.8 N/A 
746 1473 329 1848 1071 1 99.0 N/A 
746 850 376 1307 1072 1 90.6 N/A 
746 994 456 1244 859 1 86.2 N/A 
746 1487 595 1814 1073 2 97.9 N/A 
746 388 882 1054 1081 2 89.3 N/A 
747 1510 336 1878 1070 1 97.4 N/A 
747 1006 442 1263 865 1 58.4 N/A 
747 387 879 1039 1081 2 83.8 N/A 
748 1532 334 1897 1076 1 99.0 N/A 
748 1013 405 1305 935 1 72.9 N/A 
748 409 884 1036 1077 2 67.2 N/A 
749 1561 338 1911 1073 1 99.0 N/A 
749 1568 597 1902 1066 2 62.4 N/A 
749 421 889 1063 1074 2 59.7 N/A 
750 1565 346 1916 1072 1 98.8 N/A 
750 1020 375 1433 1075 1 88.4 N/A 
750 1594 598 1913 1051 2 81.3 N/A 
750 415 895 1103 1078 2 74.0 N/A 
751 1063 369 1481 1074 1 88.5 N/A 
751 1597 340 1916 1072 1 72.2 N/A 
751 1615 614 1918 1053 2 88.9 N/A 
751 415 896 1125 1074 2 61.7 N/A 
751 1130 422 1412 914 2 57.2 N/A 
751 1738 353 1914 530 4 69.1 N/A 
752 1105 354 1508 1076 1 94.9 N/A 
752 1618 618 1916 1062 1 81.3 N/A 
752 1611 623 1919 1057 2 82.5 N/A 
752 1777 377 1911 536 4 77.7 N/A 
753 1124 352 1554 1080 1 98.1 N/A 
753 1621 631 1916 1043 1 74.7 N/A 
753 1632 628 1916 1049 2 79.9 N/A 
753 1826 401 1907 530 4 57.4 N/A 
754 1123 350 1569 1084 1 95.8 N/A 
754 1671 623 1914 1067 2 69.5 N/A 
755 1183 343 1643 1082 1 98.0 N/A 
756 1203 340 1692 1082 1 95.8 N/A 
757 1244 338 1705 1086 1 94.7 N/A 
758 1288 345 1745 1085 1 98.7 N/A 
758 1402 479 1687 930 2 63.1 N/A 
759 1344 347 1832 1068 1 97.0 N/A 
759 1470 475 1762 937 2 71.4 N/A 
760 1397 343 1865 1074 1 95.2 N/A 
761 1413 348 1879 1071 1 98.6 N/A 
762 1471 359 1891 1061 1 99.3 N/A 
763 1497 362 1895 1077 1 98.5 N/A 
764 1552 338 1899 1099 1 91.7 N/A 
1046 1037 425 1083 665 1 51.0 N/A 
1047 1037 420 1083 663 1 62.9 N/A 
1048 1042 425 1085 662 1 72.6 N/A 
1049 1041 431 1084 663 1 76.4 N/A 
1050 1040 429 1084 662 1 79.5 N/A 
1051 1036 418 1082 664 1 74.5 N/A 
1052 1032 419 1080 662 1 69.1 N/A 
1053 1027 413 1077 660 1 73.4 N/A 
1054 1029 413 1078 659 1 71.2 N/A 
1055 1030 415 1078 659 1 75.3 N/A 
1056 1036 418 1081 660 1 73.9 N/A 
1057 1034 424 1080 657 1 77.4 N/A 
1058 1033 424 1078 658 1 81.6 N/A 
1059 1030 427 1076 658 1 81.9 N/A 
1060 1025 425 1071 657 1 79.6 N/A 
1061 1027 427 1074 657 1 66.6 N/A 
1062 1033 427 1078 657 1 62.9 N/A 
1063 1031 428 1077 656 1 59.7 N/A 
1064 1027 434 1073 655 1 61.3 N/A 
1065 1022 436 1071 654 1 54.4 N/A 
1070 1024 393 1093 757 1 51.0 N/A 
1131 1030 452 1084 835 1 53.8 N/A 
1132 1031 438 1087 856 1 72.0 N/A 
1133 1033 440 1087 844 1 60.2 N/A 
1134 1034 437 1089 851 1 74.5 N/A 
1135 1039 431 1099 856 1 71.6 N/A 
1136 1038 428 1095 859 1 70.1 N/A 
1136 1003 415 1080 872 1 54.0 N/A 
1137 1039 428 1096 862 1 74.4 N/A 
1137 1003 413 1082 875 1 62.5 N/A 
1138 1041 427 1103 872 1 76.3 N/A 
1138 1006 413 1085 876 1 60.9 N/A 
1138 1057 557 1101 696 2 52.8 N/A 
1139 1041 424 1106 873 1 75.2 N/A 
1139 1007 411 1086 876 1 58.2 N/A 
1140 1039 425 1111 875 1 74.1 N/A 
1140 1061 555 1112 698 2 56.0 N/A 
1141 1034 428 1112 877 1 69.1 N/A 
1141 1060 554 1115 700 2 53.9 N/A 
1142 1034 430 1114 869 1 63.4 N/A 
1142 868 402 994 881 1 50.5 N/A 
1142 1058 555 1115 700 2 56.9 N/A 
1143 850 398 989 889 1 71.7 N/A 
1143 994 415 1090 875 1 60.8 N/A 
1143 1053 553 1118 703 2 52.5 N/A 
1144 850 397 991 886 1 75.7 N/A 
1144 992 412 1088 877 1 61.7 N/A 
1145 845 394 993 895 1 79.1 N/A 
1145 988 414 1085 882 1 73.6 N/A 
1146 846 399 995 894 1 81.5 N/A 
1146 985 418 1086 883 1 76.7 N/A 
1147 849 406 992 892 1 78.6 N/A 
1147 988 418 1085 887 1 77.5 N/A 
1148 842 396 986 899 1 83.0 N/A 
1148 990 418 1085 894 1 73.1 N/A 
1149 841 389 988 912 1 82.4 N/A 
1149 986 413 1088 922 1 77.0 N/A 
1150 832 391 975 923 1 86.6 N/A 
1150 985 413 1093 936 1 75.5 N/A 
1150 1049 559 1121 716 2 51.0 N/A 
1151 822 382 973 939 1 84.4 N/A 
1151 981 407 1100 944 1 72.3 N/A 
1152 821 385 967 938 1 81.1 N/A 
1152 984 413 1099 950 1 61.6 N/A 
1153 818 377 969 947 1 80.2 N/A 
1153 981 405 1100 960 1 63.9 N/A 
1154 812 378 963 943 1 86.1 N/A 
1154 981 406 1100 954 1 73.0 N/A 
1154 1037 563 1123 736 2 53.4 N/A 
1155 809 377 959 951 1 89.2 N/A 
1155 979 405 1099 959 1 69.4 N/A 
1155 1033 562 1126 747 2 60.1 N/A 
1156 806 382 963 945 1 92.9 N/A 
1156 976 406 1098 951 1 65.9 N/A 
1156 1033 561 1128 747 2 61.6 N/A 
1157 808 376 962 947 1 91.4 N/A 
1157 972 404 1099 953 1 65.9 N/A 
1157 1025 559 1124 747 2 67.0 N/A 
1158 802 371 960 953 1 87.2 N/A 
1158 971 396 1100 957 1 73.1 N/A 
1158 1019 554 1122 750 2 61.7 N/A 
1159 794 375 953 958 1 84.6 N/A 
1159 970 399 1099 962 1 73.5 N/A 
1159 1016 554 1119 751 2 68.5 N/A 
1160 789 376 952 950 1 84.2 N/A 
1160 966 398 1100 961 1 70.7 N/A 
1160 1012 559 1119 755 2 61.0 N/A 
1161 781 383 941 946 1 84.9 N/A 
1161 963 401 1106 959 1 76.2 N/A 
1161 1010 557 1121 752 2 58.6 N/A 
1162 787 406 928 903 1 82.5 N/A 
1162 958 397 1105 953 1 77.3 N/A 
1163 781 399 927 904 1 91.0 N/A 
1163 958 400 1106 949 1 85.5 N/A 
1163 1006 557 1121 757 2 54.2 N/A 
1164 775 404 925 904 1 94.6 N/A 
1164 957 404 1103 948 1 81.7 N/A 
1164 1007 558 1123 756 2 55.6 N/A 
1165 771 389 925 906 1 96.0 N/A 
1165 956 403 1102 952 1 81.4 N/A 
1165 1008 557 1124 753 2 57.6 N/A 
1166 766 400 926 901 1 96.2 N/A 
1166 952 410 1104 949 1 73.6 N/A 
1166 1002 556 1121 755 2 66.7 N/A 
1166 797 419 874 471 4 54.5 N/A 
1167 760 404 927 902 1 96.9 N/A 
1167 950 416 1106 947 1 74.7 N/A 
1167 1002 556 1120 753 2 68.2 N/A 
1167 799 417 874 468 4 53.5 N/A 
1168 758 408 921 904 1 96.6 N/A 
1168 943 417 1111 952 1 75.1 N/A 
1168 1000 555 1118 757 2 65.5 N/A 
1169 753 407 918 911 1 97.1 N/A 
1169 945 420 1109 957 1 67.0 N/A 
1169 996 555 1115 758 2 73.3 N/A 
1170 745 410 921 911 1 94.9 N/A 
1170 942 423 1108 964 1 58.9 N/A 
1170 994 551 1116 758 2 75.5 N/A 
1171 737 409 925 911 1 91.3 N/A 
1171 938 417 1114 972 1 59.6 N/A 
1171 991 550 1116 759 2 69.0 N/A 
1172 724 404 924 933 1 91.0 N/A 
1172 937 419 1115 970 1 66.3 N/A 
1172 988 550 1111 761 2 72.9 N/A 
1172 927 533 1057 736 2 51.7 N/A 
1173 723 406 921 931 1 93.9 N/A 
1173 988 545 1112 762 2 65.6 N/A 
1174 726 404 911 946 1 96.1 N/A 
1174 939 458 1085 962 1 55.0 N/A 
1174 980 544 1103 758 2 70.4 N/A 
1174 751 512 877 726 2 59.2 N/A 
1175 722 407 912 947 1 93.8 N/A 
1175 935 464 1083 967 1 60.2 N/A 
1175 972 548 1097 759 2 75.3 N/A 
1175 750 518 878 733 2 57.0 N/A 
1176 726 409 913 948 1 94.9 N/A 
1176 933 466 1088 971 1 56.9 N/A 
1176 973 549 1098 758 2 77.4 N/A 
1176 749 521 879 733 2 60.7 N/A 
1177 724 405 912 959 1 93.8 N/A 
1177 937 468 1090 970 1 59.0 N/A 
1177 973 552 1101 760 2 71.7 N/A 
1177 927 540 1059 745 2 56.6 N/A 
1177 746 524 876 732 2 51.4 N/A 
1178 726 405 909 957 1 94.0 N/A 
1178 935 468 1090 972 1 53.4 N/A 
1178 971 553 1101 762 2 69.7 N/A 
1178 745 524 876 732 2 55.7 N/A 
1178 923 542 1056 745 2 51.4 N/A 
1179 721 399 905 970 1 94.1 N/A 
1179 935 470 1091 969 1 50.3 N/A 
1179 740 525 870 735 2 69.0 N/A 
1179 970 554 1100 765 2 67.0 N/A 
1179 921 542 1051 745 2 56.2 N/A 
1180 718 397 906 980 1 90.8 N/A 
1180 934 470 1090 973 1 66.1 N/A 
1180 732 526 870 740 2 73.0 N/A 
1180 972 552 1102 762 2 66.7 N/A 
1181 710 397 902 979 1 88.3 N/A 
1181 929 470 1088 972 1 62.9 N/A 
1181 729 523 868 742 2 66.5 N/A 
1181 971 555 1103 765 2 64.9 N/A 
1182 708 399 898 978 1 88.7 N/A 
1182 919 468 1084 970 1 64.3 N/A 
1182 725 524 863 739 2 77.7 N/A 
1182 965 553 1103 771 2 56.3 N/A 
1183 703 399 895 979 1 90.0 N/A 
1183 913 469 1084 967 1 69.2 N/A 
1183 723 521 864 740 2 83.2 N/A 
1184 697 395 884 972 1 93.9 N/A 
1184 907 423 1115 1004 1 61.8 N/A 
1184 715 515 862 745 2 80.7 N/A 
1184 963 551 1098 768 2 52.2 N/A 
1185 688 394 888 972 1 94.5 N/A 
1185 910 426 1114 995 1 63.2 N/A 
1185 710 517 864 747 2 76.9 N/A 
1186 676 392 892 980 1 92.9 N/A 
1186 706 517 866 748 2 71.5 N/A 
1187 670 392 890 994 1 92.2 N/A 
1187 704 518 863 753 2 65.7 N/A 
1188 668 388 889 1009 1 89.0 N/A 
1188 704 520 863 755 2 69.3 N/A 
1188 934 536 1081 786 2 53.0 N/A 
1189 670 397 884 1007 1 88.4 N/A 
1189 917 484 1080 956 1 50.1 N/A 
1189 701 522 861 757 2 77.1 N/A 
1190 662 393 882 1012 1 89.0 N/A 
1190 906 438 1102 1008 1 54.0 N/A 
1190 698 528 857 760 2 73.6 N/A 
1190 926 535 1081 797 2 52.9 N/A 
1191 665 396 873 1016 1 90.6 N/A 
1191 699 535 847 760 2 71.3 N/A 
1191 922 537 1076 797 2 68.3 N/A 
1192 662 389 865 1030 1 94.1 N/A 
1192 922 541 1076 798 2 78.8 N/A 
1192 691 545 840 777 2 75.3 N/A 
1193 656 387 864 1038 1 93.8 N/A 
1193 918 542 1070 799 2 74.7 N/A 
1193 691 545 838 779 2 72.8 N/A 
1194 654 393 866 1032 1 88.7 N/A 
1194 920 541 1072 803 2 79.6 N/A 
1194 689 544 839 783 2 69.0 N/A 
1195 646 397 867 1026 1 91.6 N/A 
1195 912 544 1071 809 2 75.2 N/A 
1195 686 545 840 786 2 73.9 N/A 
1196 645 399 865 1030 1 89.5 N/A 
1196 899 546 1062 812 2 67.6 N/A 
1196 686 548 839 789 2 65.8 N/A 
1197 644 397 860 1042 1 94.5 N/A 
1197 894 486 1091 1032 1 62.7 N/A 
1197 686 547 836 788 2 62.0 N/A 
1198 638 395 858 1052 1 95.1 N/A 
1198 890 489 1095 1031 1 52.3 N/A 
1198 684 547 834 787 2 62.3 N/A 
1199 637 395 851 1054 1 94.9 N/A 
1199 897 532 1084 895 1 52.6 N/A 
1199 653 536 813 763 2 69.9 N/A 
1200 633 398 850 1050 1 94.9 N/A 
1200 650 535 812 764 2 59.7 N/A 
1201 635 412 843 1036 1 91.5 N/A 
1201 675 545 822 785 2 57.5 N/A 
1202 639 401 841 1048 1 91.3 N/A 
1202 892 538 1090 881 1 60.0 N/A 
1202 674 543 819 784 2 55.3 N/A 
1203 639 396 845 1061 1 94.4 N/A 
1203 669 539 818 785 2 50.2 N/A 
1204 631 388 845 1063 1 96.3 N/A 
1204 663 538 818 785 2 50.1 N/A 
1205 629 386 839 1062 1 96.3 N/A 
1205 655 539 814 786 2 52.5 N/A 
1206 622 383 840 1068 1 97.1 N/A 
1206 652 539 812 786 2 66.9 N/A 
1207 619 384 840 1064 1 97.5 N/A 
1207 650 535 812 784 2 64.2 N/A 
1208 616 382 845 1073 1 97.6 N/A 
1208 905 563 1087 832 1 62.0 N/A 
1208 646 534 814 786 2 62.7 N/A 
1209 620 384 844 1072 1 97.7 N/A 
1209 902 560 1089 835 1 64.2 N/A 
1209 648 534 813 788 2 61.8 N/A 
1210 620 397 846 1066 1 98.6 N/A 
1210 906 559 1087 838 1 56.0 N/A 
1210 644 532 812 793 2 57.0 N/A 
1211 621 397 842 1068 1 99.0 N/A 
1211 901 556 1084 856 1 52.2 N/A 
1211 849 410 1072 1062 1 50.3 N/A 
1211 642 538 812 790 2 55.2 N/A 
1211 674 401 763 472 4 54.5 N/A 
1212 618 397 844 1061 1 99.2 N/A 
1212 894 543 1085 886 1 63.8 N/A 
1212 636 538 810 791 2 56.2 N/A 
1212 674 403 764 473 4 55.4 N/A 
1213 620 403 843 1066 1 99.1 N/A 
1213 889 542 1089 902 1 76.2 N/A 
1213 642 543 809 788 2 53.8 N/A 
1213 674 404 763 473 4 52.5 N/A 
1214 624 412 843 1057 1 99.1 N/A 
1214 884 531 1094 932 1 71.2 N/A 
1215 627 414 841 1057 1 99.2 N/A 
1215 894 530 1094 932 1 65.1 N/A 
1215 848 411 1066 1062 1 52.3 N/A 
1216 622 416 846 1051 1 99.2 N/A 
1216 884 500 1107 979 1 76.3 N/A 
1216 639 550 805 795 2 52.0 N/A 
1217 624 411 845 1053 1 98.4 N/A 
1217 887 503 1110 995 1 55.1 N/A 
1217 637 549 803 795 2 60.3 N/A 
1218 621 409 844 1060 1 99.2 N/A 
1218 897 497 1118 1002 1 74.8 N/A 
1218 640 549 802 793 2 59.8 N/A 
1219 617 404 843 1069 1 99.2 N/A 
1219 905 506 1120 991 1 73.6 N/A 
1219 637 551 800 792 2 60.8 N/A 
1220 613 401 843 1072 1 99.1 N/A 
1220 906 511 1124 991 1 59.3 N/A 
1220 631 553 799 795 2 56.0 N/A 
1221 608 397 841 1077 1 99.2 N/A 
1221 907 505 1135 1007 1 68.3 N/A 
1221 629 554 798 793 2 59.9 N/A 
1222 601 397 845 1080 1 99.3 N/A 
1222 895 453 1153 1049 1 89.5 N/A 
1222 630 552 801 793 2 58.6 N/A 
1222 673 404 763 473 4 52.7 N/A 
1223 598 392 845 1077 1 99.3 N/A 
1223 904 457 1153 1041 1 89.9 N/A 
1223 629 551 802 794 2 50.2 N/A 
1223 672 402 763 473 4 53.9 N/A 
1224 607 397 837 1062 1 99.1 N/A 
1224 910 459 1151 1038 1 73.3 N/A 
1224 628 552 798 796 2 57.2 N/A 
1224 672 400 764 471 4 52.7 N/A 
1225 603 390 834 1067 1 99.1 N/A 
1225 911 461 1151 1031 1 76.3 N/A 
1225 624 548 796 800 2 52.1 N/A 
1225 671 401 765 471 4 51.3 N/A 
1226 604 388 836 1067 1 99.3 N/A 
1226 903 433 1163 1061 1 90.9 N/A 
1226 672 401 767 471 4 51.1 N/A 
1227 601 390 837 1069 1 99.2 N/A 
1227 903 427 1164 1062 1 84.2 N/A 
1227 668 400 766 471 4 54.4 N/A 
1228 595 390 843 1073 1 99.2 N/A 
1228 900 431 1171 1055 1 92.7 N/A 
1228 668 400 766 471 4 52.4 N/A 
1229 593 388 846 1073 1 99.2 N/A 
1229 897 434 1178 1067 1 97.2 N/A 
1229 664 398 765 469 4 55.0 N/A 
1230 589 389 848 1069 1 99.2 N/A 
1230 897 439 1182 1070 1 97.7 N/A 
1230 622 501 835 938 2 52.2 N/A 
1230 662 399 763 470 4 54.4 N/A 
1231 586 387 848 1067 1 99.0 N/A 
1231 895 442 1183 1068 1 97.9 N/A 
1231 622 504 834 933 2 53.1 N/A 
1232 586 381 850 1077 1 98.7 N/A 
1232 906 445 1185 1059 1 97.1 N/A 
1233 584 387 855 1080 1 97.8 N/A 
1233 908 439 1188 1071 1 93.1 N/A 
1233 623 504 833 927 2 60.0 N/A 
1234 581 379 860 1098 1 98.1 N/A 
1234 909 443 1192 1081 1 94.7 N/A 
1234 622 505 835 929 2 56.8 N/A 
1235 584 387 852 1088 1 97.7 N/A 
1235 900 444 1194 1086 1 93.8 N/A 
1235 623 512 826 932 2 57.3 N/A 
1236 591 419 839 1053 1 95.1 N/A 
1236 898 439 1194 1086 1 90.0 N/A 
1237 577 387 855 1090 1 94.8 N/A 
1237 904 430 1191 1090 1 81.6 N/A 
1237 927 557 1159 940 2 57.1 N/A 
1237 757 415 871 483 4 61.5 N/A 
1238 586 410 847 1065 1 94.1 N/A 
1238 901 432 1195 1093 1 86.0 N/A 
1238 926 565 1157 940 2 68.1 N/A 
1238 766 414 874 479 4 53.5 N/A 
1239 596 445 835 1032 1 91.5 N/A 
1239 902 436 1191 1087 1 81.3 N/A 
1239 927 567 1154 941 2 66.4 N/A 
1239 755 414 865 480 4 55.2 N/A 
1240 599 459 831 1017 1 88.7 N/A 
1240 908 447 1192 1071 1 80.6 N/A 
1241 901 449 1192 1064 1 85.1 N/A 
1241 598 465 830 1011 1 83.0 N/A 
1241 657 402 761 473 4 51.2 N/A 
1242 597 455 835 1018 1 84.9 N/A 
1242 902 448 1189 1063 1 79.3 N/A 
1243 598 466 826 998 1 71.8 N/A 
1243 909 446 1187 1066 1 71.0 N/A 
1243 649 401 755 472 4 56.6 N/A 
1244 574 503 778 932 1 72.1 N/A 
1244 911 448 1187 1061 1 64.4 N/A 
1244 930 569 1163 951 2 50.4 N/A 
1244 647 399 754 472 4 54.4 N/A 
1245 568 499 777 930 1 69.3 N/A 
1245 913 444 1190 1062 1 63.0 N/A 
1245 642 397 752 472 4 51.4 N/A 
1246 564 500 772 921 1 77.7 N/A 
1246 913 448 1188 1066 1 63.7 N/A 
1246 934 571 1164 946 2 58.4 N/A 
1247 563 491 771 935 1 81.3 N/A 
1247 913 451 1194 1068 1 68.5 N/A 
1247 938 575 1171 941 2 62.2 N/A 
1248 565 491 769 917 1 79.9 N/A 
1248 914 450 1200 1069 1 69.0 N/A 
1249 554 481 772 938 1 85.9 N/A 
1249 903 498 1209 1069 1 78.3 N/A 
1249 933 577 1181 949 2 64.5 N/A 
1250 551 497 770 934 1 83.9 N/A 
1250 915 460 1203 1065 1 82.0 N/A 
1250 930 573 1185 962 2 57.6 N/A 
1251 912 464 1204 1063 1 86.9 N/A 
1251 549 501 770 934 1 86.2 N/A 
1251 926 578 1195 956 2 51.8 N/A 
1252 901 488 1212 1072 1 90.4 N/A 
1252 544 483 774 966 1 87.0 N/A 
1252 928 571 1194 967 2 50.0 N/A 
1253 915 456 1204 1067 1 91.9 N/A 
1253 535 438 778 1007 1 91.4 N/A 
1253 927 569 1195 971 2 51.4 N/A 
1254 532 441 773 1000 1 92.7 N/A 
1254 911 452 1207 1066 1 91.3 N/A 
1254 932 578 1197 961 2 54.8 N/A 
1255 522 435 775 1014 1 95.6 N/A 
1255 908 485 1213 1069 1 89.4 N/A 
1255 936 583 1197 959 2 61.7 N/A 
1256 522 440 776 1015 1 95.7 N/A 
1256 909 496 1210 1068 1 85.7 N/A 
1256 560 548 756 879 1 54.1 N/A 
1256 935 586 1195 965 2 72.9 N/A 
1257 521 444 776 1013 1 95.4 N/A 
1257 909 444 1216 1086 1 85.3 N/A 
1257 938 587 1194 961 2 78.4 N/A 
1258 518 444 779 1019 1 94.1 N/A 
1258 913 442 1212 1087 1 88.2 N/A 
1258 941 587 1190 951 2 82.6 N/A 
1259 518 426 779 1021 1 93.3 N/A 
1259 911 438 1214 1087 1 86.1 N/A 
1259 941 597 1186 940 2 89.3 N/A 
1260 517 423 778 1022 1 92.8 N/A 
1260 911 488 1209 1070 1 84.3 N/A 
1260 946 599 1186 947 2 91.1 N/A 
1260 578 397 698 481 4 50.1 N/A 
1261 517 415 781 1027 1 92.7 N/A 
1261 917 436 1206 1071 1 72.1 N/A 
1261 557 554 755 880 1 58.4 N/A 
1261 950 598 1185 947 2 90.6 N/A 
1262 518 409 784 1032 1 93.3 N/A 
1262 919 433 1207 1076 1 75.7 N/A 
1262 558 560 757 877 1 51.1 N/A 
1262 952 599 1182 949 2 92.4 N/A 
1263 518 397 784 1047 1 94.7 N/A 
1263 923 423 1201 1081 1 71.4 N/A 
1263 768 378 983 1094 1 50.9 N/A 
1263 955 600 1178 952 2 94.7 N/A 
1264 513 395 785 1053 1 94.9 N/A 
1264 927 419 1204 1085 1 75.7 N/A 
1264 552 557 757 887 1 50.5 N/A 
1264 952 599 1182 954 2 93.3 N/A 
1265 511 387 785 1070 1 96.7 N/A 
1265 935 425 1200 1089 1 70.5 N/A 
1265 552 561 756 878 1 54.0 N/A 
1265 954 595 1183 962 2 90.5 N/A 
1266 512 387 783 1072 1 96.7 N/A 
1266 936 425 1201 1089 1 71.7 N/A 
1266 551 563 756 876 1 56.7 N/A 
1266 957 593 1184 961 2 90.3 N/A 
1267 512 393 782 1071 1 95.6 N/A 
1267 941 418 1204 1096 1 71.4 N/A 
1267 550 561 756 875 1 64.0 N/A 
1267 959 594 1184 964 2 90.3 N/A 
1268 510 397 785 1069 1 95.2 N/A 
1268 933 419 1214 1094 1 74.6 N/A 
1268 548 561 756 872 1 72.2 N/A 
1268 952 592 1188 960 2 91.8 N/A 
1269 507 393 788 1076 1 95.9 N/A 
1269 548 557 758 875 1 80.6 N/A 
1269 928 419 1221 1092 1 73.4 N/A 
1269 949 595 1189 954 2 94.0 N/A 
1270 504 390 790 1076 1 96.0 N/A 
1270 547 558 756 875 1 78.1 N/A 
1270 929 425 1220 1085 1 77.2 N/A 
1270 950 590 1193 958 2 91.0 N/A 
1271 504 390 790 1072 1 95.5 N/A 
1271 930 421 1221 1086 1 79.3 N/A 
1271 549 559 755 877 1 74.8 N/A 
1271 949 585 1197 962 2 88.0 N/A 
1272 506 392 789 1065 1 95.8 N/A 
1272 930 421 1220 1083 1 85.0 N/A 
1272 552 561 755 876 1 70.9 N/A 
1272 950 583 1197 962 2 87.6 N/A 
1273 506 397 789 1060 1 94.1 N/A 
1273 933 418 1219 1084 1 81.7 N/A 
1273 554 560 756 879 1 72.3 N/A 
1273 950 581 1197 963 2 85.5 N/A 
1274 503 398 789 1062 1 93.3 N/A 
1274 936 415 1219 1087 1 79.1 N/A 
1274 553 561 756 878 1 74.7 N/A 
1274 950 581 1201 963 2 84.8 N/A 
1274 585 397 702 482 4 52.5 N/A 
1275 502 399 791 1066 1 92.9 N/A 
1275 552 564 757 876 1 76.8 N/A 
1275 939 418 1218 1084 1 74.7 N/A 
1275 952 580 1203 965 2 83.1 N/A 
1275 585 397 702 482 4 55.7 N/A 
1276 502 394 790 1066 1 92.8 N/A 
1276 553 567 754 874 1 74.8 N/A 
1276 943 418 1217 1082 1 61.7 N/A 
1276 957 579 1203 967 2 80.8 N/A 
1276 584 396 701 482 4 52.5 N/A 
1277 502 392 790 1065 1 93.1 N/A 
1277 554 569 754 873 1 72.0 N/A 
1277 947 418 1214 1083 1 56.4 N/A 
1277 960 579 1205 969 2 78.8 N/A 
1277 583 395 702 481 4 53.5 N/A 
1278 502 394 788 1061 1 93.5 N/A 
1278 554 569 754 872 1 69.5 N/A 
1278 945 421 1217 1082 1 58.9 N/A 
1278 960 579 1207 966 2 83.7 N/A 
1278 581 396 701 481 4 53.1 N/A 
1279 503 392 788 1061 1 92.8 N/A 
1279 554 569 754 874 1 66.5 N/A 
1279 941 417 1217 1085 1 56.8 N/A 
1279 960 581 1207 965 2 88.2 N/A 
1279 579 397 701 481 4 58.9 N/A 
1280 501 387 788 1065 1 93.8 N/A 
1280 550 569 754 876 1 69.5 N/A 
1280 936 417 1220 1087 1 57.5 N/A 
1280 958 583 1207 964 2 88.6 N/A 
1280 579 397 702 481 4 57.2 N/A 
1281 497 381 788 1074 1 95.7 N/A 
1281 546 569 755 878 1 77.9 N/A 
1281 932 419 1220 1092 1 62.9 N/A 
1281 961 590 1205 961 2 91.8 N/A 
1281 577 397 702 480 4 56.6 N/A 
1282 495 375 788 1084 1 97.4 N/A 
1282 544 569 753 882 1 86.1 N/A 
1282 925 420 1218 1092 1 60.0 N/A 
1282 959 591 1205 959 2 91.6 N/A 
1282 575 395 702 480 4 60.0 N/A 
1283 495 376 788 1083 1 97.2 N/A 
1283 542 570 756 883 1 87.4 N/A 
1283 923 421 1219 1091 1 65.2 N/A 
1283 958 595 1205 957 2 94.4 N/A 
1283 574 395 702 480 4 59.9 N/A 
1284 495 379 786 1078 1 96.6 N/A 
1284 540 569 756 885 1 89.5 N/A 
1284 923 425 1222 1086 1 65.3 N/A 
1284 954 593 1206 958 2 94.6 N/A 
1284 573 396 702 480 4 55.7 N/A 
1285 494 377 786 1076 1 96.2 N/A 
1285 536 571 756 887 1 88.5 N/A 
1285 924 423 1222 1085 1 62.0 N/A 
1285 953 595 1206 960 2 96.0 N/A 
1285 573 395 703 481 4 50.8 N/A 
1286 492 376 783 1079 1 97.4 N/A 
1286 532 572 754 887 1 91.1 N/A 
1286 926 421 1222 1090 1 57.6 N/A 
1286 957 601 1202 958 2 97.2 N/A 
1286 572 394 703 481 4 50.2 N/A 
1287 489 376 784 1077 1 97.1 N/A 
1287 531 569 754 888 1 90.9 N/A 
1287 914 498 1221 1070 1 57.4 N/A 
1287 960 599 1201 961 2 95.7 N/A 
1288 487 380 779 1072 1 97.1 N/A 
1288 529 573 747 881 1 86.9 N/A 
1288 965 604 1200 958 2 96.0 N/A 
1289 486 376 773 1080 1 96.7 N/A 
1289 525 573 742 882 1 83.0 N/A 
1289 766 369 984 1104 1 62.6 N/A 
1289 970 606 1198 954 2 95.2 N/A 
1290 485 371 772 1089 1 97.1 N/A 
1290 524 572 740 885 1 87.5 N/A 
1290 772 374 986 1100 1 60.2 N/A 
1290 968 604 1198 955 2 95.3 N/A 
1291 483 368 772 1090 1 96.7 N/A 
1291 523 569 740 889 1 88.3 N/A 
1291 776 380 987 1097 1 67.9 N/A 
1291 968 599 1201 959 2 93.0 N/A 
1291 566 394 702 485 4 53.5 N/A 
1292 481 369 773 1084 1 97.0 N/A 
1292 521 570 740 888 1 88.6 N/A 
1292 777 381 988 1095 1 66.9 N/A 
1292 968 599 1201 960 2 93.4 N/A 
1292 564 395 701 484 4 52.9 N/A 
1293 480 373 773 1080 1 97.6 N/A 
1293 520 571 739 888 1 88.7 N/A 
1293 776 382 994 1099 1 68.9 N/A 
1293 966 598 1202 962 2 93.2 N/A 
1293 561 396 702 484 4 50.3 N/A 
1294 484 371 770 1082 1 97.5 N/A 
1294 522 569 738 888 1 86.3 N/A 
1294 779 381 998 1100 1 71.8 N/A 
1294 964 597 1203 963 2 93.9 N/A 
1295 486 368 769 1086 1 97.5 N/A 
1295 524 570 738 889 1 85.6 N/A 
1295 782 383 998 1099 1 73.2 N/A 
1295 962 596 1205 964 2 94.2 N/A 
1295 563 397 698 484 4 53.4 N/A 
1296 486 369 770 1084 1 97.3 N/A 
1296 523 569 739 890 1 86.0 N/A 
1296 785 384 997 1097 1 71.1 N/A 
1296 961 598 1206 965 2 94.8 N/A 
1296 563 396 697 485 4 50.8 N/A 
1297 484 370 770 1083 1 97.6 N/A 
1297 522 569 738 889 1 87.2 N/A 
1297 786 385 998 1096 1 69.1 N/A 
1297 959 598 1206 966 2 95.2 N/A 
1298 484 370 769 1080 1 98.0 N/A 
1298 520 566 738 889 1 86.5 N/A 
1298 788 382 999 1097 1 74.8 N/A 
1298 959 597 1207 966 2 94.1 N/A 
1299 483 370 768 1078 1 98.3 N/A 
1299 519 566 738 887 1 86.4 N/A 
1299 786 381 999 1098 1 73.9 N/A 
1299 958 597 1206 968 2 94.8 N/A 
1300 482 371 767 1077 1 98.1 N/A 
1300 517 566 737 888 1 86.5 N/A 
1300 785 380 999 1099 1 72.7 N/A 
1300 957 597 1206 968 2 94.5 N/A 
1301 480 373 767 1076 1 98.2 N/A 
1301 516 566 738 888 1 87.9 N/A 
1301 784 382 999 1098 1 72.1 N/A 
1301 957 598 1206 966 2 94.8 N/A 
1302 479 375 768 1075 1 98.1 N/A 
1302 515 567 737 889 1 88.9 N/A 
1302 782 381 1001 1099 1 69.4 N/A 
1302 955 597 1206 964 2 95.8 N/A 
1303 478 376 768 1076 1 98.1 N/A 
1303 515 567 738 888 1 90.0 N/A 
1303 780 381 1001 1101 1 65.7 N/A 
1303 954 596 1207 962 2 96.6 N/A 
1304 478 375 769 1077 1 98.1 N/A 
1304 515 567 737 888 1 90.1 N/A 
1304 779 380 1001 1103 1 63.5 N/A 
1304 953 596 1207 963 2 96.4 N/A 
1305 477 373 768 1078 1 97.9 N/A 
1305 515 566 736 888 1 89.7 N/A 
1305 779 379 999 1102 1 58.8 N/A 
1305 953 596 1205 962 2 96.5 N/A 
1306 478 372 768 1078 1 97.9 N/A 
1306 515 566 735 888 1 88.3 N/A 
1306 778 380 997 1100 1 59.6 N/A 
1306 957 599 1203 960 2 96.6 N/A 
1307 478 372 768 1079 1 97.8 N/A 
1307 514 565 736 889 1 89.1 N/A 
1307 777 379 995 1101 1 55.1 N/A 
1307 958 601 1204 960 2 97.0 N/A 
1308 477 372 768 1081 1 97.8 N/A 
1308 513 565 735 889 1 89.2 N/A 
1308 776 380 999 1103 1 53.4 N/A 
1308 959 600 1203 957 2 96.9 N/A 
1309 477 371 768 1080 1 97.9 N/A 
1309 513 564 736 890 1 89.7 N/A 
1309 959 601 1203 955 2 97.3 N/A 
1310 477 370 769 1080 1 97.8 N/A 
1310 513 564 736 891 1 90.3 N/A 
1310 777 381 1001 1100 1 51.9 N/A 
1310 958 600 1201 954 2 97.0 N/A 
1311 476 371 769 1081 1 98.1 N/A 
1311 511 563 737 892 1 92.4 N/A 
1311 776 382 999 1101 1 54.9 N/A 
1311 924 423 1219 1090 1 54.6 N/A 
1311 961 601 1198 953 2 96.9 N/A 
1312 476 372 771 1080 1 98.2 N/A 
1312 511 563 738 892 1 93.9 N/A 
1312 924 424 1218 1087 1 59.0 N/A 
1312 778 381 1000 1100 1 55.7 N/A 
1312 963 600 1196 953 2 96.5 N/A 
1313 475 373 772 1080 1 98.3 N/A 
1313 510 562 739 893 1 94.4 N/A 
1313 926 426 1216 1085 1 59.0 N/A 
1313 777 381 998 1100 1 56.6 N/A 
1313 964 601 1196 954 2 96.8 N/A 
1314 475 371 773 1082 1 98.0 N/A 
1314 510 560 739 894 1 94.6 N/A 
1314 926 426 1215 1085 1 59.9 N/A 
1314 778 381 998 1097 1 52.1 N/A 
1314 962 602 1197 954 2 97.3 N/A 
1315 476 370 773 1082 1 98.1 N/A 
1315 510 560 739 895 1 95.3 N/A 
1315 927 425 1214 1088 1 56.1 N/A 
1315 776 380 998 1101 1 50.9 N/A 
1315 959 604 1197 955 2 97.8 N/A 
1316 476 368 773 1083 1 98.4 N/A 
1316 509 559 738 897 1 96.2 N/A 
1316 928 423 1213 1091 1 55.7 N/A 
1316 775 379 997 1102 1 50.1 N/A 
1316 959 606 1196 954 2 97.9 N/A 
1317 475 369 772 1082 1 98.7 N/A 
1317 509 561 738 897 1 96.7 N/A 
1317 926 423 1214 1094 1 59.8 N/A 
1317 775 379 998 1106 1 50.1 N/A 
1317 957 605 1197 955 2 97.8 N/A 
1318 474 367 773 1084 1 98.8 N/A 
1318 508 562 738 897 1 96.7 N/A 
1318 926 422 1214 1096 1 61.0 N/A 
1318 957 605 1198 954 2 97.8 N/A 
1319 474 367 772 1080 1 98.6 N/A 
1319 509 561 739 899 1 96.2 N/A 
1319 926 423 1215 1093 1 63.7 N/A 
1319 779 382 993 1105 1 51.2 N/A 
1319 956 606 1197 956 2 97.9 N/A 
1320 473 367 774 1082 1 98.6 N/A 
1320 508 561 740 901 1 96.0 N/A 
1320 925 423 1216 1090 1 64.7 N/A 
1320 955 606 1196 954 2 98.1 N/A 
1321 472 368 773 1083 1 98.6 N/A 
1321 509 561 740 903 1 95.9 N/A 
1321 927 424 1215 1087 1 69.9 N/A 
1321 954 604 1195 956 2 97.9 N/A 
1322 471 371 774 1082 1 98.5 N/A 
1322 508 560 742 908 1 96.3 N/A 
1322 926 424 1215 1085 1 71.4 N/A 
1322 952 607 1194 957 2 98.3 N/A 
1323 471 370 777 1087 1 98.8 N/A 
1323 509 560 745 914 1 96.0 N/A 
1323 930 426 1215 1079 1 69.1 N/A 
1323 953 604 1196 956 2 98.2 N/A 
1324 471 367 777 1096 1 98.7 N/A 
1324 507 562 746 921 1 95.1 N/A 
1324 941 549 1221 1037 1 71.2 N/A 
1324 957 606 1195 955 2 98.3 N/A 
1325 467 372 778 1092 1 98.6 N/A 
1325 504 561 746 924 1 95.3 N/A 
1325 934 424 1216 1081 1 71.5 N/A 
1325 956 602 1197 959 2 97.9 N/A 
1326 463 376 777 1082 1 98.4 N/A 
1326 504 564 748 922 1 96.9 N/A 
1326 936 425 1218 1086 1 73.1 N/A 
1326 957 604 1196 960 2 98.3 N/A 
1327 455 374 774 1084 1 98.3 N/A 
1327 501 566 741 921 1 95.8 N/A 
1327 936 427 1219 1085 1 69.6 N/A 
1327 955 604 1198 962 2 98.4 N/A 
1328 450 381 769 1072 1 97.3 N/A 
1328 495 567 735 922 1 97.1 N/A 
1328 941 543 1227 1040 1 71.9 N/A 
1328 954 605 1201 958 2 98.4 N/A 
1329 446 378 771 1077 1 97.8 N/A 
1329 493 569 732 920 1 96.8 N/A 
1329 938 540 1229 1039 1 68.0 N/A 
1329 953 610 1201 957 2 99.0 N/A 
1330 450 368 767 1080 1 98.5 N/A 
1330 493 568 732 925 1 97.6 N/A 
1330 939 541 1233 1041 1 58.5 N/A 
1330 779 385 1005 1101 1 52.6 N/A 
1330 956 613 1204 963 2 98.9 N/A 
1331 444 370 762 1083 1 98.1 N/A 
1331 490 567 727 932 1 96.4 N/A 
1331 778 393 1002 1095 1 60.7 N/A 
1331 960 611 1208 968 2 98.5 N/A 
1332 442 369 761 1085 1 98.4 N/A 
1332 486 567 722 935 1 96.5 N/A 
1332 787 399 1001 1092 1 59.9 N/A 
1332 965 610 1206 968 2 98.1 N/A 
1333 437 370 765 1091 1 98.2 N/A 
1333 484 571 727 939 1 97.2 N/A 
1333 790 396 998 1102 1 58.9 N/A 
1333 938 522 1239 1063 1 50.8 N/A 
1333 963 614 1209 976 2 98.8 N/A 
1334 432 370 761 1099 1 97.9 N/A 
1334 474 571 716 940 1 92.1 N/A 
1334 783 396 1003 1095 1 73.8 N/A 
1334 960 615 1211 980 2 99.4 N/A 
1335 422 381 751 1087 1 94.8 N/A 
1335 460 574 711 949 1 92.6 N/A 
1335 782 396 1006 1095 1 79.1 N/A 
1335 962 482 1251 1048 1 68.5 N/A 
1335 967 620 1208 974 2 99.3 N/A 
1336 416 378 749 1110 1 95.6 N/A 
1336 452 574 711 955 1 93.9 N/A 
1336 772 399 1015 1091 1 72.5 N/A 
1336 965 474 1253 1055 1 69.7 N/A 
1336 971 625 1207 976 2 99.1 N/A 
1337 405 390 742 1114 1 91.6 N/A 
1337 969 468 1256 1060 1 87.0 N/A 
1337 441 582 708 964 1 83.6 N/A 
1337 759 406 1021 1080 1 75.7 N/A 
1337 967 629 1211 991 2 99.0 N/A 
1338 965 463 1265 1064 1 83.9 N/A 
1338 430 583 704 960 1 69.3 N/A 
1338 394 395 737 1102 1 67.3 N/A 
1338 755 414 1016 1081 1 63.9 N/A 
1338 957 623 1222 1004 2 97.2 N/A 
1339 978 636 1237 992 1 78.1 N/A 
1339 798 453 1176 1069 1 71.0 N/A 
1339 957 627 1223 1008 2 95.7 N/A 
1339 418 579 688 960 2 82.2 N/A 
1339 465 405 616 486 4 76.5 N/A 
1340 732 400 1007 1092 1 75.9 N/A 
1340 976 641 1240 999 1 70.0 N/A 
1340 371 374 682 1102 1 60.8 N/A 
1340 405 577 667 962 2 98.2 N/A 
1340 954 634 1225 1016 2 96.1 N/A 
1340 453 408 613 490 4 73.1 N/A 
1341 362 365 665 1112 1 96.2 N/A 
1341 986 639 1247 1005 1 94.5 N/A 
1341 745 405 1006 1075 1 77.2 N/A 
1341 399 575 646 961 2 99.6 N/A 
1341 967 631 1228 1015 2 72.8 N/A 
1341 441 401 604 489 4 81.4 N/A 
1342 965 472 1284 1082 1 98.9 N/A 
1342 357 362 655 1114 1 98.9 N/A 
1342 729 402 1010 1102 1 83.0 N/A 
1342 389 573 635 963 2 99.7 N/A 
1342 428 399 594 489 4 84.0 N/A 
1343 958 473 1304 1091 1 99.5 N/A 
1343 346 364 638 1111 1 99.4 N/A 
1343 724 421 1002 1083 1 52.3 N/A 
1343 373 576 622 959 2 99.7 N/A 
1343 406 393 577 483 4 94.5 N/A 
1344 330 358 632 1115 1 99.4 N/A 
1344 978 658 1271 1022 1 98.7 N/A 
1344 357 576 610 959 2 99.9 N/A 
1344 393 385 570 477 4 97.3 N/A 
1344 779 419 927 496 4 61.5 N/A 
1345 956 487 1326 1091 1 99.9 N/A 
1345 322 358 624 1123 1 99.2 N/A 
1345 345 567 602 967 2 99.7 N/A 
1345 383 385 564 477 4 96.2 N/A 
1345 773 417 914 496 4 85.0 N/A 
1346 971 491 1325 1096 1 99.9 N/A 
1346 309 360 611 1096 1 97.3 N/A 
1346 337 571 590 966 2 99.9 N/A 
1346 773 416 906 497 4 91.6 N/A 
1346 368 384 554 477 4 82.8 N/A 
1347 987 492 1335 1093 1 100.0 N/A 
1347 297 360 606 1087 1 90.5 N/A 
1347 328 575 580 968 2 99.9 N/A 
1347 758 406 888 496 4 90.3 N/A 
1347 356 381 547 476 4 66.7 N/A 
1348 1022 486 1340 1091 1 99.9 N/A 
1348 254 378 586 1081 1 67.3 N/A 
1348 322 573 562 986 2 99.8 N/A 
1348 742 405 873 493 4 81.4 N/A 
1349 1043 482 1347 1083 1 99.9 N/A 
1349 250 381 582 1080 1 67.7 N/A 
1349 651 428 952 1115 1 56.3 N/A 
1349 308 576 553 986 2 99.9 N/A 
1349 1051 683 1329 1049 2 78.6 N/A 
1349 729 405 862 493 4 80.8 N/A 
1350 1051 475 1350 1076 1 99.8 N/A 
1350 642 432 946 1117 1 87.1 N/A 
1350 235 382 578 1079 1 86.6 N/A 
1350 299 580 539 994 2 99.8 N/A 
1350 1067 685 1349 1049 2 92.6 N/A 
1350 718 406 855 493 4 87.1 N/A 
1351 1059 470 1356 1076 1 98.6 N/A 
1351 636 437 938 1104 1 95.9 N/A 
1351 221 385 563 1075 1 72.9 N/A 
1351 289 586 537 1002 2 99.7 N/A 
1351 1077 680 1360 1056 2 96.9 N/A 
1351 704 401 839 494 4 82.7 N/A 
1352 624 437 934 1094 1 97.8 N/A 
1352 208 385 558 1073 1 84.8 N/A 
1352 1065 461 1373 1090 1 67.1 N/A 
1352 274 592 533 1021 2 98.8 N/A 
1352 1095 679 1378 1060 2 95.7 N/A 
1352 692 402 836 501 4 87.0 N/A 
1353 616 412 928 1106 1 98.8 N/A 
1353 194 381 550 1074 1 89.2 N/A 
1353 1099 677 1392 1062 2 99.4 N/A 
1353 268 594 529 1033 2 95.8 N/A 
1353 630 487 883 1076 2 50.7 N/A 
1353 674 402 830 495 4 62.0 N/A 
1354 613 401 914 1120 1 98.0 N/A 
1354 236 569 510 1026 1 97.3 N/A 
1354 1090 455 1439 1101 1 97.0 N/A 
1354 1107 676 1409 1064 2 99.7 N/A 
1354 245 581 507 1031 2 70.1 N/A 
1354 666 397 821 492 4 55.8 N/A 
1355 1097 440 1467 1108 1 99.9 N/A 
1355 193 357 525 1128 1 98.3 N/A 
1355 595 386 905 1137 1 91.0 N/A 
1355 1123 672 1419 1065 2 99.9 N/A 
1355 229 588 500 1033 2 66.6 N/A 
1355 660 398 815 491 4 50.8 N/A 
1356 1112 437 1484 1110 1 99.9 N/A 
1356 212 587 479 1032 1 99.4 N/A 
1356 582 380 884 1141 1 69.3 N/A 
1356 1133 671 1444 1067 2 99.9 N/A 
1356 657 399 808 496 4 55.9 N/A 
1357 1127 438 1489 1114 1 99.9 N/A 
1357 201 589 463 1038 1 97.9 N/A 
1357 569 371 875 1144 1 76.7 N/A 
1357 1140 666 1447 1069 2 99.9 N/A 
1358 1126 431 1494 1116 1 99.9 N/A 
1358 191 590 449 1058 1 95.1 N/A 
1358 1149 660 1457 1075 2 99.9 N/A 
1359 1137 439 1502 1119 1 99.8 N/A 
1359 175 597 436 1064 1 81.8 N/A 
1359 1164 655 1472 1081 2 100.0 N/A 
1360 1140 427 1510 1129 1 99.8 N/A 
1360 528 394 792 1126 1 75.0 N/A 
1360 75 367 441 1074 1 73.5 N/A 
1360 1173 660 1483 1083 2 100.0 N/A 
1360 144 596 434 1070 2 92.1 N/A 
1361 1151 437 1515 1126 1 97.9 N/A 
1361 74 374 431 1077 1 93.5 N/A 
1361 519 413 798 1113 1 86.5 N/A 
1361 1182 658 1497 1082 2 100.0 N/A 
1361 118 600 421 1072 2 99.9 N/A 
1362 54 369 420 1094 1 94.3 N/A 
1362 509 425 790 1106 1 91.9 N/A 
1362 1157 439 1527 1134 1 88.7 N/A 
1362 1195 667 1512 1080 2 100.0 N/A 
1362 93 601 401 1063 2 100.0 N/A 
1363 34 360 395 1102 1 98.5 N/A 
1363 487 427 790 1111 1 95.7 N/A 
1363 68 606 377 1066 2 100.0 N/A 
1363 1203 668 1522 1079 2 100.0 N/A 
1364 2 374 376 1074 1 99.0 N/A 
1364 471 429 774 1102 1 94.1 N/A 
1364 1210 675 1533 1068 1 79.5 N/A 
1364 46 605 347 1069 2 100.0 N/A 
1364 1212 670 1535 1077 2 99.9 N/A 
1365 -5 372 351 1077 1 98.5 N/A 
1365 462 409 751 1120 1 90.8 N/A 
1365 1216 680 1545 1068 1 83.8 N/A 
1365 20 600 324 1072 2 100.0 N/A 
1365 1206 671 1546 1079 2 99.7 N/A 
1366 -6 369 339 1078 1 98.1 N/A 
1366 1204 456 1595 1101 1 96.5 N/A 
1366 463 403 754 1123 1 91.5 N/A 
1366 9 593 305 1070 2 100.0 N/A 
1366 1213 680 1561 1076 2 98.4 N/A 
1367 1240 636 1586 1073 1 99.6 N/A 
1367 -8 362 330 1078 1 95.8 N/A 
1367 443 391 749 1115 1 91.1 N/A 
1367 -3 602 287 1073 2 100.0 N/A 
1367 1219 683 1573 1080 2 79.9 N/A 
1368 1263 581 1616 1082 1 99.9 N/A 
1368 440 403 740 1088 1 92.9 N/A 
1368 -9 361 312 1083 1 83.8 N/A 
1368 4 590 260 1080 2 99.6 N/A 
1368 1279 700 1589 1071 2 84.3 N/A 
1369 1279 560 1639 1088 1 99.9 N/A 
1369 434 390 750 1102 1 87.2 N/A 
1369 -8 360 299 1084 1 50.0 N/A 
1369 1306 705 1613 1072 2 87.7 N/A 
1369 8 588 235 1084 2 84.3 N/A 
1370 1288 560 1665 1086 1 99.4 N/A 
1370 427 386 734 1100 1 80.5 N/A 
1370 1318 699 1643 1075 2 84.7 N/A 
1371 1290 566 1689 1076 1 96.0 N/A 
1371 422 363 726 1102 1 64.1 N/A 
1371 1325 701 1669 1068 2 96.5 N/A 
1371 468 389 648 525 4 67.8 N/A 
1372 1342 487 1738 1086 1 93.2 N/A 
1372 1350 712 1698 1066 2 99.5 N/A 
1372 453 384 640 521 4 76.9 N/A 
1373 1370 480 1761 1100 1 99.4 N/A 
1373 359 392 683 1081 1 52.2 N/A 
1373 1394 720 1746 1070 2 99.9 N/A 
1373 377 540 674 1083 2 72.1 N/A 
1373 444 383 620 517 4 51.8 N/A 
1374 1401 469 1797 1091 1 99.0 N/A 
1374 362 370 665 1112 1 79.0 N/A 
1374 1442 713 1779 1083 2 99.5 N/A 
1374 369 555 662 1072 2 96.3 N/A 
1374 429 379 615 519 4 66.8 N/A 
1375 1434 462 1802 1088 1 97.3 N/A 
1375 341 371 648 1113 1 95.1 N/A 
1375 -4 308 171 1167 1 58.0 N/A 
1375 1471 711 1806 1079 2 99.1 N/A 
1375 342 496 640 1092 2 92.8 N/A 
1375 410 387 597 524 4 68.5 N/A 
1376 1461 490 1868 1104 1 98.5 N/A 
1376 323 365 631 1125 1 95.1 N/A 
1376 1497 717 1854 1068 2 97.6 N/A 
1376 325 482 626 1098 2 91.8 N/A 
1376 386 392 571 520 4 73.8 N/A 
1377 1496 547 1886 1092 1 99.9 N/A 
1377 307 375 604 1100 1 89.2 N/A 
1377 315 501 602 1091 2 85.3 N/A 
1377 1508 702 1869 1076 2 72.0 N/A 
1377 373 397 555 527 4 72.8 N/A 
1378 1528 575 1910 1082 1 99.9 N/A 
1378 290 365 582 1107 1 70.7 N/A 
1378 302 570 580 1073 2 84.2 N/A 
1378 1533 700 1902 1078 2 75.6 N/A 
1378 346 398 549 532 4 64.8 N/A 
1379 1561 570 1912 1077 1 99.9 N/A 
1379 1577 698 1913 1084 2 85.9 N/A 
1380 1579 469 1911 1067 1 98.9 N/A 
1380 249 387 552 1091 1 54.9 N/A 
1380 1604 696 1917 1077 2 82.9 N/A 
1381 232 376 527 1110 1 93.4 N/A 
1381 1584 473 1904 1061 1 92.6 N/A 
1381 1623 703 1922 1074 2 89.8 N/A 
1382 206 381 499 1102 1 96.9 N/A 
1382 1638 697 1919 1067 1 74.6 N/A 
1382 1649 701 1920 1074 2 92.3 N/A 
1383 184 382 463 1068 1 86.7 N/A 
1383 1695 415 1942 1098 1 56.7 N/A 
1383 1667 694 1915 1079 2 97.4 N/A 
1384 159 376 448 1045 1 64.4 N/A 
1384 1712 409 1935 1076 1 58.8 N/A 
1384 1692 684 1910 1081 2 92.6 N/A 
1385 70 369 435 1081 1 70.3 N/A 
1385 79 614 420 1070 2 98.0 N/A 
1385 1716 695 1907 1077 2 94.8 N/A 
1386 56 369 421 1082 1 85.5 N/A 
1386 1737 592 1922 1096 1 69.4 N/A 
1386 50 591 408 1070 2 98.6 N/A 
1386 1738 701 1910 1074 2 95.0 N/A 
1386 121 392 359 560 4 53.0 N/A 
1387 29 374 398 1088 1 90.5 N/A 
1387 32 596 372 1067 2 99.6 N/A 
1387 1764 690 1918 1075 2 83.5 N/A 
1388 -1 360 357 1088 1 93.1 N/A 
1388 9 591 349 1072 2 99.5 N/A 
1388 1791 690 1917 1075 2 52.0 N/A 
1389 2 366 341 1085 1 78.2 N/A 
1389 3 602 323 1079 2 98.2 N/A 
1390 -4 367 337 1087 1 79.5 N/A 
1390 -7 543 334 1088 2 51.5 N/A 
1391 -2 369 316 1086 1 55.8 N/A 
1396 3 350 160 1129 1 78.2 N/A 
1397 5 361 87 1077 1 85.2 N/A 
1646 1068 396 1108 442 4 53.7 N/A 
1649 1068 397 1110 441 4 57.9 N/A 
1650 1069 397 1111 441 4 60.5 N/A 
1651 1070 399 1111 442 4 52.3 N/A 
1652 1068 401 1110 444 4 51.8 N/A 
1653 1067 400 1109 445 4 55.9 N/A 
1654 1064 397 1106 443 4 70.6 N/A 
1655 1063 395 1104 442 4 64.3 N/A 
1656 1062 396 1104 442 4 62.1 N/A 
1657 1062 393 1106 440 4 67.4 N/A 
1658 1061 396 1105 441 4 65.1 N/A 
1659 1059 400 1103 445 4 68.7 N/A 
1660 1058 400 1104 444 4 62.7 N/A 
1661 1055 401 1100 444 4 64.6 N/A 
1662 1055 403 1100 445 4 69.5 N/A 
1663 1053 404 1098 444 4 73.0 N/A 
1664 1052 404 1097 444 4 71.5 N/A 
1665 996 388 1114 886 1 50.2 N/A 
1665 1049 406 1097 446 4 74.2 N/A 
1666 1001 397 1118 880 1 51.5 N/A 
1666 1049 408 1095 449 4 65.5 N/A 
1667 993 400 1113 881 1 59.7 N/A 
1667 1045 409 1093 451 4 63.5 N/A 
1668 990 399 1115 883 1 61.9 N/A 
1668 1044 411 1092 451 4 68.4 N/A 
1669 989 388 1116 880 1 57.1 N/A 
1669 1041 414 1087 452 4 68.4 N/A 
1670 978 367 1113 894 1 58.3 N/A 
1670 1039 416 1088 452 4 64.4 N/A 
1671 975 396 1106 888 1 67.8 N/A 
1671 1036 418 1084 454 4 73.3 N/A 
1672 975 393 1101 882 1 64.7 N/A 
1672 1032 414 1081 452 4 62.9 N/A 
1673 969 374 1103 884 1 67.0 N/A 
1673 1028 411 1082 450 4 59.6 N/A 
1674 965 383 1102 876 1 70.2 N/A 
1675 962 376 1104 872 1 70.8 N/A 
1676 963 369 1097 871 1 63.5 N/A 
1677 958 375 1092 873 1 69.9 N/A 
1678 950 375 1089 881 1 84.2 N/A 
1679 946 361 1091 901 1 90.0 N/A 
1680 944 348 1094 936 1 85.7 N/A 
1681 940 352 1094 953 1 93.1 N/A 
1682 931 354 1093 955 1 94.0 N/A 
1683 920 365 1097 961 1 94.1 N/A 
1684 912 373 1098 963 1 94.8 N/A 
1685 909 376 1098 963 1 93.8 N/A 
1686 911 374 1096 965 1 91.3 N/A 
1687 909 366 1094 963 1 90.9 N/A 
1688 909 366 1094 967 1 87.7 N/A 
1689 907 363 1095 970 1 89.1 N/A 
1690 904 356 1097 972 1 88.1 N/A 
1691 903 355 1100 970 1 86.9 N/A 
1692 897 355 1103 972 1 92.4 N/A 
1693 892 357 1108 972 1 97.2 N/A 
1693 1004 392 1067 449 4 53.4 N/A 
1694 891 358 1106 975 1 97.8 N/A 
1694 1002 395 1065 452 4 50.8 N/A 
1695 890 359 1106 972 1 99.0 N/A 
1696 889 361 1102 977 1 99.2 N/A 
1697 885 363 1098 985 1 99.1 N/A 
1698 880 361 1099 991 1 98.8 N/A 
1699 881 353 1097 996 1 98.6 N/A 
1699 991 396 1048 451 4 50.1 N/A 
1700 874 360 1101 990 1 99.4 N/A 
1700 985 397 1045 453 4 50.7 N/A 
1701 871 357 1096 991 1 99.1 N/A 
1702 867 358 1097 995 1 99.6 N/A 
1703 869 359 1093 998 1 99.2 N/A 
1703 969 391 1033 451 4 51.2 N/A 
1704 869 345 1084 1008 1 97.5 N/A 
1704 968 389 1028 447 4 52.9 N/A 
1705 867 338 1079 1016 1 94.9 N/A 
1706 871 338 1074 1013 1 86.5 N/A 
1707 876 341 1065 1008 1 61.8 N/A 
1708 848 352 1065 989 1 63.6 N/A 
1709 830 362 1071 987 1 87.4 N/A 
1710 821 363 1072 990 1 94.3 N/A 
1711 817 365 1069 989 1 94.3 N/A 
1712 808 362 1072 998 1 94.1 N/A 
1713 803 354 1077 1017 1 96.3 N/A 
1714 800 353 1076 1029 1 96.2 N/A 
1715 805 348 1075 1054 1 95.0 N/A 
1716 806 352 1077 1057 1 90.7 N/A 
1717 807 353 1080 1060 1 77.0 N/A 
1718 809 351 1080 1063 1 68.1 N/A 
1719 820 355 1085 1054 1 54.8 N/A 
1720 822 355 1086 1047 1 72.2 N/A 
1721 825 354 1089 1051 1 70.1 N/A 
1722 831 357 1081 1049 1 55.2 N/A 
1723 841 333 1096 1091 1 57.7 N/A 
1724 842 334 1099 1084 1 73.5 N/A 
1725 846 336 1100 1071 1 78.4 N/A 
1726 845 337 1103 1070 1 68.6 N/A 
1727 844 345 1105 1060 1 63.8 N/A 
1727 881 481 1075 784 1 56.6 N/A 
1728 846 338 1108 1071 1 69.4 N/A 
1728 882 486 1072 767 1 56.8 N/A 
1729 877 472 1080 780 1 76.6 N/A 
1729 851 341 1110 1062 1 70.7 N/A 
1730 881 468 1081 803 1 73.8 N/A 
1730 854 346 1109 1057 1 62.9 N/A 
1731 879 472 1083 800 1 74.3 N/A 
1731 849 339 1116 1072 1 70.4 N/A 
1732 843 337 1127 1087 1 78.2 N/A 
1732 879 471 1087 795 1 77.6 N/A 
1733 844 337 1124 1085 1 85.8 N/A 
1733 881 462 1085 778 1 78.6 N/A 
1734 835 339 1125 1086 1 86.9 N/A 
1734 883 455 1082 774 1 78.4 N/A 
1735 822 340 1127 1095 1 84.5 N/A 
1735 872 460 1082 783 1 74.1 N/A 
1736 819 338 1129 1108 1 87.0 N/A 
1736 866 467 1082 785 1 66.8 N/A 
1737 817 340 1125 1111 1 74.2 N/A 
1737 864 478 1081 784 1 63.9 N/A 
1738 816 340 1122 1105 1 68.5 N/A 
1738 861 475 1076 785 1 58.7 N/A 
1739 850 448 1079 796 1 58.0 N/A 
1739 810 336 1124 1093 1 56.7 N/A 
1740 854 434 1081 800 1 58.1 N/A 
1740 806 368 1131 1071 1 56.1 N/A 
1741 843 471 1055 773 1 66.2 N/A 
1742 835 469 1053 774 1 76.4 N/A 
1742 801 359 1115 1071 1 52.6 N/A 
1743 828 461 1061 772 1 78.8 N/A 
1743 795 360 1117 1071 1 70.2 N/A 
1744 825 463 1062 771 1 79.9 N/A 
1744 787 357 1112 1071 1 70.0 N/A 
1745 782 354 1116 1068 1 82.2 N/A 
1745 821 465 1064 770 1 80.3 N/A 
1746 782 355 1111 1070 1 82.4 N/A 
1746 823 464 1065 771 1 71.6 N/A 
1747 775 355 1110 1070 1 86.7 N/A 
1747 823 470 1067 770 1 65.8 N/A 
1748 778 357 1111 1071 1 86.8 N/A 
1748 820 476 1069 769 1 59.2 N/A 
1749 784 358 1117 1073 1 89.8 N/A 
1750 790 362 1117 1072 1 87.8 N/A 
1751 793 364 1121 1074 1 94.3 N/A 
1752 801 363 1110 1076 1 87.4 N/A 
1753 789 363 1122 1077 1 94.7 N/A 
1754 782 366 1128 1076 1 97.6 N/A 
1755 785 364 1125 1077 1 98.3 N/A 
1756 805 365 1126 1077 1 94.4 N/A 
1757 810 366 1138 1076 1 95.9 N/A 
1757 852 482 1116 864 1 72.1 N/A 
1758 807 361 1150 1076 1 98.2 N/A 
1758 864 486 1114 833 1 57.8 N/A 
1759 807 352 1157 1077 1 99.3 N/A 
1759 867 494 1120 830 1 56.0 N/A 
1759 964 347 1068 438 4 51.5 N/A 
1760 814 356 1162 1078 1 99.2 N/A 
1760 864 490 1120 827 1 56.4 N/A 
1760 966 347 1067 438 4 54.8 N/A 
1761 821 357 1178 1080 1 99.4 N/A 
1761 867 494 1134 826 1 57.7 N/A 
1761 970 346 1070 435 4 54.5 N/A 
1762 819 357 1185 1080 1 99.6 N/A 
1762 970 343 1072 434 4 55.0 N/A 
1763 820 358 1196 1081 1 99.8 N/A 
1763 868 490 1132 823 2 69.7 N/A 
1763 974 342 1074 431 4 57.2 N/A 
1764 831 361 1198 1079 1 99.6 N/A 
1764 876 493 1129 816 2 68.7 N/A 
1764 975 341 1075 429 4 51.0 N/A 
1765 833 358 1207 1080 1 99.7 N/A 
1765 876 497 1130 818 2 76.9 N/A 
1766 828 359 1212 1077 1 99.6 N/A 
1766 878 501 1128 818 2 81.5 N/A 
1766 978 340 1079 428 4 54.3 N/A 
1767 829 357 1209 1076 1 99.6 N/A 
1767 877 502 1129 819 2 85.8 N/A 
1768 833 355 1206 1074 1 99.5 N/A 
1768 879 502 1130 820 2 89.3 N/A 
1769 833 356 1205 1074 1 99.5 N/A 
1769 877 500 1131 821 2 86.2 N/A 
1770 835 356 1203 1073 1 99.3 N/A 
1770 874 497 1134 826 2 83.4 N/A 
1771 834 355 1202 1071 1 99.2 N/A 
1771 874 500 1135 828 2 86.4 N/A 
1772 832 353 1199 1071 1 99.5 N/A 
1772 872 497 1137 827 2 86.3 N/A 
1773 830 352 1198 1069 1 99.6 N/A 
1773 872 494 1136 826 2 85.1 N/A 
1774 823 350 1201 1070 1 99.7 N/A 
1774 874 504 1138 819 2 88.7 N/A 
1775 821 346 1199 1072 1 99.7 N/A 
1775 874 505 1138 815 2 91.4 N/A 
1776 821 345 1193 1072 1 99.7 N/A 
1776 875 504 1139 817 2 88.3 N/A 
1777 822 346 1184 1069 1 99.6 N/A 
1777 873 500 1138 825 2 81.6 N/A 
1778 824 349 1182 1070 1 99.1 N/A 
1778 873 498 1135 833 2 83.2 N/A 
1779 819 346 1183 1069 1 99.1 N/A 
1779 869 504 1137 831 2 87.4 N/A 
1780 817 344 1182 1067 1 99.2 N/A 
1780 869 470 1143 828 2 86.8 N/A 
1781 814 343 1185 1068 1 99.4 N/A 
1781 868 472 1145 833 2 90.1 N/A 
1782 811 343 1185 1070 1 99.6 N/A 
1782 869 506 1135 831 2 92.0 N/A 
1783 812 339 1183 1071 1 99.6 N/A 
1783 870 505 1134 832 2 94.2 N/A 
1784 809 337 1184 1072 1 99.5 N/A 
1784 868 504 1131 830 2 94.7 N/A 
1785 805 332 1190 1073 1 99.7 N/A 
1785 869 507 1130 829 2 95.5 N/A 
1786 804 329 1193 1073 1 99.8 N/A 
1786 869 510 1130 829 2 95.5 N/A 
1787 806 329 1193 1072 1 99.8 N/A 
1787 868 511 1129 829 2 95.6 N/A 
1788 802 329 1195 1072 1 99.8 N/A 
1788 868 513 1130 828 2 96.2 N/A 
1789 798 329 1200 1073 1 99.8 N/A 
1789 870 513 1130 829 2 96.8 N/A 
1790 797 329 1202 1074 1 99.8 N/A 
1790 870 513 1132 829 2 96.8 N/A 
1791 795 330 1201 1074 1 99.8 N/A 
1791 871 514 1131 828 2 97.1 N/A 
1792 799 304 1200 1069 1 99.8 N/A 
1792 871 513 1132 827 2 96.8 N/A 
1793 801 303 1202 1070 1 99.8 N/A 
1793 869 513 1134 827 2 96.9 N/A 
1794 801 304 1203 1069 1 99.9 N/A 
1794 869 513 1135 828 2 96.9 N/A 
1795 800 303 1203 1070 1 99.8 N/A 
1795 869 512 1134 826 2 97.2 N/A 
1796 796 327 1205 1074 1 99.8 N/A 
1796 871 511 1132 826 2 97.0 N/A 
1797 799 329 1201 1074 1 99.8 N/A 
1797 871 508 1130 826 2 97.0 N/A 
1798 796 329 1201 1075 1 99.8 N/A 
1798 870 509 1130 827 2 96.5 N/A 
1799 795 329 1200 1074 1 99.8 N/A 
1799 870 510 1131 827 2 96.2 N/A 
1800 791 330 1200 1075 1 99.8 N/A 
1800 870 511 1132 828 2 96.1 N/A 
1801 791 329 1199 1074 1 99.8 N/A 
1801 871 512 1133 828 2 96.1 N/A 
1802 793 330 1198 1074 1 99.8 N/A 
1802 872 512 1133 827 2 96.0 N/A 
1803 793 330 1197 1074 1 99.8 N/A 
1803 873 513 1134 827 2 95.8 N/A 
1804 793 328 1199 1075 1 99.9 N/A 
1804 874 513 1134 828 2 95.8 N/A 
1805 795 329 1200 1075 1 99.9 N/A 
1805 873 513 1135 829 2 95.5 N/A 
1806 794 331 1201 1074 1 99.9 N/A 
1806 874 514 1135 828 2 95.3 N/A 
1807 797 333 1201 1073 1 99.8 N/A 
1807 873 514 1136 828 2 95.3 N/A 
1808 798 334 1203 1073 1 99.8 N/A 
1808 871 513 1137 828 2 94.4 N/A 
1809 801 333 1200 1072 1 99.8 N/A 
1809 870 513 1136 829 2 94.3 N/A 
1810 799 334 1202 1073 1 99.8 N/A 
1810 871 512 1136 828 2 93.7 N/A 
1811 797 335 1205 1074 1 99.9 N/A 
1811 870 512 1136 828 2 94.5 N/A 
1812 795 333 1207 1074 1 99.9 N/A 
1812 870 513 1136 827 2 96.3 N/A 
1813 792 333 1209 1074 1 99.9 N/A 
1813 869 513 1136 826 2 97.1 N/A 
1814 793 332 1207 1073 1 99.9 N/A 
1814 869 513 1135 828 2 97.2 N/A 
1815 793 333 1203 1073 1 99.9 N/A 
1815 868 513 1136 831 2 96.3 N/A 
1815 979 338 1083 429 4 50.7 N/A 
1816 795 334 1203 1073 1 99.9 N/A 
1816 868 513 1136 836 2 95.2 N/A 
1816 977 338 1082 430 4 52.1 N/A 
1817 795 335 1202 1073 1 99.9 N/A 
1817 866 514 1137 837 2 96.1 N/A 
1818 794 339 1205 1074 1 99.9 N/A 
1818 865 513 1135 836 2 96.5 N/A 
1818 977 337 1081 429 4 51.9 N/A 
1819 798 336 1205 1074 1 99.9 N/A 
1819 866 514 1134 837 2 97.2 N/A 
1819 977 337 1081 429 4 53.6 N/A 
1820 796 332 1206 1073 1 99.9 N/A 
1820 863 518 1133 843 2 97.3 N/A 
1821 792 334 1204 1074 1 99.9 N/A 
1821 856 513 1137 823 2 98.0 N/A 
1821 974 335 1082 430 4 61.3 N/A 
1822 795 310 1196 1072 1 100.0 N/A 
1822 852 516 1138 822 2 98.6 N/A 
1822 973 335 1083 428 4 60.5 N/A 
1823 795 314 1192 1075 1 100.0 N/A 
1823 859 524 1131 845 2 98.6 N/A 
1823 973 337 1082 429 4 65.6 N/A 
1824 789 317 1191 1077 1 100.0 N/A 
1824 859 526 1128 849 2 98.9 N/A 
1824 969 338 1079 431 4 74.6 N/A 
1825 779 314 1192 1077 1 100.0 N/A 
1825 853 528 1131 856 2 98.8 N/A 
1825 967 338 1078 431 4 73.8 N/A 
1826 787 313 1186 1075 1 100.0 N/A 
1826 856 527 1131 858 2 99.1 N/A 
1826 968 337 1078 432 4 73.9 N/A 
1827 792 315 1187 1075 1 100.0 N/A 
1827 858 526 1132 856 2 99.3 N/A 
1827 967 336 1079 431 4 69.5 N/A 
1828 784 335 1191 1075 1 100.0 N/A 
1828 860 524 1133 856 2 99.1 N/A 
1828 967 336 1079 430 4 73.7 N/A 
1829 789 340 1182 1074 1 99.9 N/A 
1829 856 517 1132 838 2 99.2 N/A 
1829 967 338 1082 429 4 68.1 N/A 
1830 795 338 1185 1075 1 99.9 N/A 
1830 856 515 1136 836 2 99.3 N/A 
1830 973 339 1086 431 4 67.7 N/A 
1831 799 340 1187 1075 1 99.9 N/A 
1831 857 517 1139 843 2 99.7 N/A 
1831 974 341 1089 433 4 64.5 N/A 
1832 804 340 1194 1074 1 99.9 N/A 
1832 858 518 1143 845 2 99.9 N/A 
1832 944 351 1087 433 4 68.5 N/A 
1833 811 344 1194 1073 1 99.9 N/A 
1833 861 524 1150 847 2 99.9 N/A 
1833 948 353 1091 437 4 75.9 N/A 
1834 815 348 1194 1071 1 99.8 N/A 
1834 860 526 1151 861 2 99.4 N/A 
1834 955 357 1097 442 4 83.8 N/A 
1835 821 353 1198 1073 1 99.8 N/A 
1835 865 530 1151 880 2 98.8 N/A 
1835 961 358 1103 445 4 93.9 N/A 
1836 820 356 1202 1076 1 99.8 N/A 
1836 864 531 1151 889 2 98.3 N/A 
1836 965 360 1110 446 4 94.5 N/A 
1837 817 357 1203 1073 1 99.9 N/A 
1837 874 536 1155 895 2 98.0 N/A 
1837 970 358 1118 445 4 93.7 N/A 
1838 825 358 1210 1077 1 99.9 N/A 
1838 879 537 1164 897 2 98.9 N/A 
1838 978 356 1128 445 4 93.4 N/A 
1839 843 356 1214 1077 1 99.5 N/A 
1839 882 537 1168 899 2 99.1 N/A 
1839 989 352 1138 441 4 94.8 N/A 
1840 847 356 1224 1077 1 99.5 N/A 
1840 895 535 1178 894 2 99.4 N/A 
1840 999 350 1146 434 4 91.5 N/A 
1841 853 340 1234 1076 1 99.7 N/A 
1841 907 534 1188 891 2 99.8 N/A 
1841 1006 346 1155 431 4 72.5 N/A 
1842 851 334 1246 1075 1 99.9 N/A 
1842 915 533 1199 890 2 100.0 N/A 
1842 1011 338 1171 427 4 61.0 N/A 
1843 853 330 1257 1078 1 99.9 N/A 
1843 922 527 1207 895 2 100.0 N/A 
1844 854 332 1290 1077 1 99.9 N/A 
1844 925 529 1228 896 2 100.0 N/A 
1845 866 330 1310 1083 1 99.6 N/A 
1845 929 527 1243 906 2 100.0 N/A 
1846 896 302 1329 1079 1 99.9 N/A 
1846 926 516 1262 920 1 59.9 N/A 
1846 932 522 1263 905 2 99.9 N/A 
1847 906 301 1350 1071 1 100.0 N/A 
1847 933 521 1273 929 1 81.5 N/A 
1847 939 527 1276 919 2 99.4 N/A 
1848 911 303 1345 1073 1 99.9 N/A 
1848 943 518 1277 934 1 91.5 N/A 
1848 942 526 1281 928 2 97.7 N/A 
1849 909 300 1358 1071 1 100.0 N/A 
1849 950 520 1287 934 1 96.2 N/A 
1849 947 531 1291 930 2 85.4 N/A 
1850 912 296 1360 1071 1 100.0 N/A 
1850 956 518 1310 936 1 92.9 N/A 
1850 956 518 1310 936 2 54.7 N/A 
1851 925 294 1360 1069 1 99.9 N/A 
1851 964 522 1320 947 1 96.8 N/A 
1851 964 522 1320 947 2 62.0 N/A 
1852 925 290 1408 1066 1 100.0 N/A 
1852 990 526 1331 946 1 89.0 N/A 
1852 990 526 1331 946 2 86.0 N/A 
1853 941 290 1418 1067 1 100.0 N/A 
1853 999 529 1342 964 1 81.1 N/A 
1853 999 529 1342 964 2 87.2 N/A 
1854 960 285 1471 1071 1 100.0 N/A 
1854 1021 536 1367 983 2 95.8 N/A 
1855 970 294 1495 1066 1 100.0 N/A 
1855 1028 536 1379 999 2 92.2 N/A 
1856 1004 291 1509 1071 1 100.0 N/A 
1856 1037 537 1398 1016 2 94.3 N/A 
1857 993 294 1520 1072 1 100.0 N/A 
1857 1045 553 1431 1016 2 99.8 N/A 
1857 1172 308 1361 442 4 59.4 N/A 
1858 993 291 1516 1073 1 100.0 N/A 
1858 1046 556 1440 1018 2 100.0 N/A 
1858 1190 297 1384 450 4 68.1 N/A 
1859 1012 287 1518 1075 1 100.0 N/A 
1859 1060 550 1477 1021 2 100.0 N/A 
1859 1210 289 1394 433 4 74.4 N/A 
1860 1040 283 1520 1075 1 100.0 N/A 
1860 1086 551 1493 1026 2 100.0 N/A 
1860 1223 286 1429 432 4 87.4 N/A 
1861 1048 281 1534 1071 1 100.0 N/A 
1861 1098 538 1512 1031 2 100.0 N/A 
1861 1238 283 1457 423 4 92.1 N/A 
1862 1070 277 1556 1069 1 100.0 N/A 
1862 1137 545 1536 1043 2 100.0 N/A 
1862 1238 278 1493 445 4 68.2 N/A 
1863 1092 268 1573 1068 1 100.0 N/A 
1863 1165 530 1541 1053 2 100.0 N/A 
1863 1270 274 1516 437 4 82.9 N/A 
1864 1129 256 1586 1070 1 99.8 N/A 
1864 1179 540 1554 1051 2 98.4 N/A 
1864 1288 269 1530 426 4 86.3 N/A 
1865 1153 252 1628 1070 1 99.9 N/A 
1865 1302 262 1539 417 4 91.5 N/A 
1866 1179 240 1644 1072 1 100.0 N/A 
1866 1320 249 1551 419 4 70.0 N/A 
1867 1210 235 1693 1078 1 100.0 N/A 
1867 1214 410 1671 1071 2 66.4 N/A 
1868 1247 252 1719 1071 1 99.9 N/A 
1868 1232 406 1701 1069 2 56.4 N/A 
1869 1270 254 1745 1071 1 99.9 N/A 
1870 1267 231 1778 1079 1 99.9 N/A 
1870 1322 539 1750 1069 2 99.4 N/A 
1870 1445 252 1688 426 4 76.7 N/A 
1871 1293 241 1802 1082 1 100.0 N/A 
1871 1339 543 1780 1081 2 100.0 N/A 
1871 1472 251 1726 434 4 83.0 N/A 
1872 1341 254 1832 1081 1 100.0 N/A 
1872 1378 528 1804 1077 2 100.0 N/A 
1873 1390 244 1879 1085 1 99.8 N/A 
1873 1437 552 1880 1079 2 89.8 N/A 
1873 1526 258 1804 457 4 58.0 N/A 
1874 1417 246 1903 1081 1 100.0 N/A 
1875 1478 234 1900 1080 1 100.0 N/A 
1876 1535 237 1913 1066 1 99.9 N/A 
1877 1573 235 1913 1065 1 99.8 N/A 
1877 1691 247 1919 458 4 72.3 N/A 
1878 1612 217 1915 1069 1 98.9 N/A 
1878 1742 231 1918 449 4 84.2 N/A 
1879 1661 215 1924 1074 1 88.9 N/A 
1879 1650 553 1923 1094 2 82.1 N/A 
1879 1773 226 1918 439 4 86.9 N/A 
1880 1699 518 1936 1043 2 89.4 N/A 
1880 1829 239 1916 435 4 58.3 N/A 
1881 1734 503 1929 1040 2 68.9 N/A 
